1	10501
11	10511
12	10512
21	10521
22	10522
23	10523
26	10526
27	10527
29	10529
30	10530
40	10540
46	10546
47	10547
48	10548
50	10550
54	10554
64	10564
65	10565
68	10568
69	10569
77	10577
79	10579
82	10582
84	10584
86	10586
88	10588
93	10593
96	10596
98	10598
100	10600
101	10601
105	10605
108	10608
114	10614
120	10620
126	10626
131	10631
134	10634
143	10643
146	10646
147	10647
149	10649
153	10653
164	10664
166	10666
167	10667
174	10674
178	10678
184	10684
186	10686
187	10687
196	10696
210	10710
213	10713
216	10716
221	10721
222	10722
225	10725
228	10728
231	10731
235	10735
242	10742
244	10744
245	10745
248	10748
250	10750
253	10753
255	10755
258	10758
259	10759
263	10763
268	10768
269	10769
271	10771
274	10774
276	10776
287	10787
289	10789
292	10792
293	10793
297	10797
298	10798
299	10799
304	10804
307	10807
314	10814
322	10822
333	10833
340	10840
343	10843
344	10844
347	10847
354	10854
359	10859
365	10865
366	10866
367	10867
376	10876
377	10877
380	10880
381	10881
383	10883
385	10885
388	10888
390	10890
391	10891
392	10892
394	10894
398	10898
405	10905
406	10906
410	10910
414	10914
415	10915
420	10920
422	10922
423	10923
424	10924
435	10935
444	10944
447	10947
448	10948
452	10952
459	10959
469	10969
473	10973
475	10975
485	10985
486	10986
489	10989
499	10999
502	11002
503	11003
506	11006
510	11010
524	11024
525	11025
535	11035
536	11036
554	11054
562	11062
564	11064
573	11073
577	11077
579	11079
586	11086
587	11087
591	11091
592	11092
597	11097
599	11099
604	11104
610	11110
611	11111
621	11121
623	11123
627	11127
641	11141
644	11144
645	11145
648	11148
653	11153
655	11155
663	11163
666	11166
667	11167
668	11168
671	11171
672	11172
676	11176
681	11181
682	11182
683	11183
684	11184
685	11185
686	11186
687	11187
692	11192
697	11197
702	11202
709	11209
710	11210
711	11211
712	11212
716	11216
718	11218
720	11220
724	11224
731	11231
733	11233
734	11234
741	11241
742	11242
747	11247
749	11249
750	11250
751	11251
754	11254
755	11255
756	11256
759	11259
761	11261
763	11263
764	11264
765	11265
768	11268
769	11269
771	11271
772	11272
776	11276
792	11292
795	11295
797	11297
799	11299
804	11304
810	11310
829	11329
831	11331
834	11334
838	11338
840	11340
841	11341
847	11347
852	11352
855	11355
866	11366
868	11368
871	11371
872	11372
873	11373
877	11377
882	11382
884	11384
887	11387
888	11388
889	11389
890	11390
894	11394
897	11397
898	11398
903	11403
907	11407
914	11414
917	11417
919	11419
920	11420
924	11424
925	11425
926	11426
927	11427
929	11429
932	11432
936	11436
937	11437
939	11439
940	11440
942	11442
944	11444
949	11449
957	11457
960	11460
961	11461
962	11462
964	11464
970	11470
981	11481
983	11483
986	11486
987	11487
988	11488
991	11491
992	11492
1002	11502
1003	11503
1008	11508
1009	11509
1014	11514
1023	11523
1026	11526
1028	11528
1036	11536
1037	11537
1041	11541
1043	11543
1045	11545
1046	11546
1049	11549
1057	11557
1067	11567
1069	11569
1070	11570
1072	11572
1074	11574
1087	11587
1100	11600
1104	11604
1115	11615
1122	11622
1128	11628
1129	11629
1130	11630
1132	11632
1136	11636
1140	11640
1145	11645
1147	11647
1149	11649
1152	11652
1154	11654
1156	11656
1158	11658
1161	11661
1166	11666
1169	11669
1171	11671
1175	11675
1176	11676
1177	11677
1179	11679
1180	11680
1183	11683
1186	11686
1187	11687
1188	11688
1194	11694
1202	11702
1204	11704
1207	11707
1208	11708
1212	11712
1214	11714
1216	11716
1217	11717
1218	11718
1219	11719
1223	11723
1225	11725
1234	11734
1235	11735
1236	11736
1238	11738
1241	11741
1244	11744
1251	11751
1262	11762
1263	11763
1264	11764
1268	11768
1278	11778
1281	11781
1283	11783
1285	11785
1289	11789
1295	11795
1299	11799
1300	11800
1301	11801
1304	11804
1307	11807
1308	11808
1313	11813
1315	11815
1332	11832
1342	11842
1344	11844
1347	11847
1348	11848
1350	11850
1352	11852
1355	11855
1358	11858
1361	11861
1362	11862
1375	11875
1376	11876
1379	11879
1381	11881
1382	11882
1386	11886
1389	11889
1390	11890
1392	11892
1395	11895
1396	11896
1397	11897
1399	11899
1400	11900
1401	11901
1402	11902
1404	11904
1406	11906
1407	11907
1416	11916
1420	11920
1422	11922
1423	11923
1425	11925
1427	11927
1428	11928
1429	11929
1431	11931
1437	11937
1438	11938
1442	11942
1445	11945
1447	11947
1449	11949
1453	11953
1455	11955
1458	11958
1462	11962
1467	11967
1469	11969
1472	11972
1475	11975
1476	11976
1487	11987
1491	11991
1492	11992
1496	11996
1504	12004
1509	12009
1522	12022
1524	12024
1539	12039
1544	12044
1545	12045
1552	12052
1553	12053
1555	12055
1556	12056
1558	12058
1563	12063
1567	12067
1569	12069
1572	12072
1576	12076
1578	12078
1580	12080
1581	12081
1587	12087
1594	12094
1595	12095
1597	12097
1599	12099
1600	12100
1606	12106
1618	12118
1621	12121
1623	12123
1624	12124
1628	12128
1629	12129
1630	12130
1632	12132
1634	12134
1635	12135
1645	12145
1653	12153
1655	12155
1657	12157
1661	12161
1664	12164
1668	12168
1672	12172
1673	12173
1677	12177
1680	12180
1683	12183
1685	12185
1686	12186
1688	12188
1689	12189
1690	12190
1691	12191
1693	12193
1697	12197
1698	12198
1702	12202
1703	12203
1705	12205
1711	12211
1716	12216
1723	12223
1727	12227
1729	12229
1732	12232
1736	12236
1738	12238
1742	12242
1743	12243
1744	12244
1748	12248
1761	12261
1770	12270
1772	12272
1782	12282
1787	12287
1788	12288
1789	12289
1791	12291
1801	12301
1811	12311
1816	12316
1822	12322
1827	12327
1836	12336
1847	12347
1849	12349
1851	12351
1857	12357
1860	12360
1864	12364
1866	12366
1870	12370
1871	12371
1873	12373
1877	12377
1878	12378
1879	12379
1881	12381
1883	12383
1884	12384
1885	12385
1886	12386
1892	12392
1893	12393
1895	12395
1897	12397
1898	12398
1903	12403
1905	12405
1915	12415
1918	12418
1919	12419
1923	12423
1926	12426
1932	12432
1936	12436
1940	12440
1943	12443
1945	12445
1949	12449
1952	12452
1953	12453
1955	12455
1957	12457
1961	12461
1962	12462
1973	12473
1976	12476
1981	12481
1984	12484
1985	12485
1986	12486
1987	12487
1996	12496
1998	12498
2002	12502
2010	12510
2012	12512
2018	12518
2022	12522
2029	12529
2032	12532
2033	12533
2037	12537
2043	12543
2047	12547
2049	12549
2051	12551
2064	12564
2078	12578
2080	12580
2087	12587
2088	12588
2105	12605
2106	12606
2109	12609
2112	12612
2113	12613
2115	12615
2116	12616
2117	12617
2121	12621
2127	12627
2131	12631
2132	12632
2137	12637
2141	12641
2153	12653
2154	12654
2158	12658
2160	12660
2161	12661
2166	12666
2167	12667
2174	12674
2183	12683
2194	12694
2195	12695
2197	12697
2199	12699
2200	12700
2203	12703
2204	12704
2207	12707
2210	12710
2211	12711
2217	12717
2218	12718
2222	12722
2223	12723
2225	12725
2229	12729
2230	12730
2232	12732
2234	12734
2237	12737
2239	12739
2241	12741
2248	12748
2251	12751
2253	12753
2254	12754
2256	12756
2266	12766
2272	12772
2279	12779
2283	12783
2286	12786
2289	12789
2294	12794
2298	12798
2300	12800
2303	12803
2306	12806
2312	12812
2318	12818
2319	12819
2320	12820
2326	12826
2327	12827
2331	12831
2338	12838
2346	12846
2347	12847
2348	12848
2351	12851
2355	12855
2357	12857
2358	12858
2360	12860
2361	12861
2365	12865
2370	12870
2372	12872
2378	12878
2386	12886
2387	12887
2392	12892
2394	12894
2395	12895
2398	12898
2401	12901
2403	12903
2406	12906
2410	12910
2411	12911
2412	12912
2414	12914
2415	12915
2423	12923
2427	12927
2435	12935
2438	12938
2440	12940
2441	12941
2443	12943
2446	12946
2449	12949
2450	12950
2451	12951
2453	12953
2458	12958
2459	12959
2461	12961
2467	12967
2468	12968
2473	12973
2479	12979
2480	12980
2483	12983
2484	12984
2492	12992
2493	12993
2496	12996
2497	12997
2507	13007
2509	13009
2510	13010
2513	13013
2519	13019
2528	13028
2534	13034
2535	13035
2536	13036
2539	13039
2544	13044
2546	13046
2547	13047
2548	13048
2552	13052
2555	13055
2559	13059
2562	13062
2568	13068
2571	13071
2579	13079
2585	13085
2590	13090
2595	13095
2596	13096
2601	13101
2604	13104
2611	13111
2613	13113
2627	13127
2634	13134
2636	13136
2637	13137
2640	13140
2641	13141
2645	13145
2646	13146
2649	13149
2651	13151
2654	13154
2656	13156
2658	13158
2664	13164
2669	13169
2670	13170
2675	13175
2677	13177
2682	13182
2683	13183
2684	13184
2688	13188
2693	13193
2705	13205
2708	13208
2718	13218
2721	13221
2722	13222
2727	13227
2729	13229
2732	13232
2740	13240
2744	13244
2746	13246
2747	13247
2753	13253
2758	13258
2761	13261
2762	13262
2766	13266
2775	13275
2778	13278
2781	13281
2782	13282
2784	13284
2798	13298
2799	13299
2805	13305
2812	13312
2813	13313
2821	13321
2829	13329
2844	13344
2848	13348
2850	13350
2851	13351
2852	13352
2853	13353
2854	13354
2858	13358
2863	13363
2868	13368
2869	13369
2872	13372
2877	13377
2879	13379
2885	13385
2886	13386
2890	13390
2891	13391
2893	13393
2902	13402
2906	13406
2908	13408
2912	13412
2914	13414
2916	13416
2921	13421
2923	13423
2927	13427
2929	13429
2930	13430
2937	13437
2940	13440
2943	13443
2944	13444
2946	13446
2958	13458
2959	13459
2960	13460
2961	13461
2965	13465
2966	13466
2971	13471
2974	13474
2978	13478
2990	13490
2996	13496
3003	13503
3004	13504
3007	13507
3009	13509
3027	13527
3035	13535
3037	13537
3040	13540
3057	13557
3059	13559
3060	13560
3065	13565
3066	13566
3068	13568
3070	13570
3076	13576
3080	13580
3083	13583
3084	13584
3088	13588
3089	13589
3090	13590
3091	13591
3095	13595
3099	13599
3104	13604
3105	13605
3108	13608
3116	13616
3123	13623
3124	13624
3128	13628
3133	13633
3135	13635
3143	13643
3146	13646
3161	13661
3171	13671
3178	13678
3179	13679
3184	13684
3186	13686
3188	13688
3190	13690
3194	13694
3195	13695
3201	13701
3205	13705
3207	13707
3208	13708
3209	13709
3210	13710
3215	13715
3217	13717
3218	13718
3222	13722
3225	13725
3230	13730
3232	13732
3234	13734
3236	13736
3246	13746
3248	13748
3249	13749
3250	13750
3251	13751
3253	13753
3258	13758
3259	13759
3264	13764
3270	13770
3271	13771
3272	13772
3273	13773
3276	13776
3284	13784
3289	13789
3290	13790
3292	13792
3297	13797
3300	13800
3310	13810
3311	13811
3313	13813
3316	13816
3318	13818
3319	13819
3320	13820
3331	13831
3333	13833
3339	13839
3340	13840
3341	13841
3343	13843
3344	13844
3356	13856
3360	13860
3365	13865
3369	13869
3373	13873
3374	13874
3381	13881
3382	13882
3383	13883
3385	13885
3388	13888
3394	13894
3400	13900
3404	13904
3407	13907
3409	13909
3412	13912
3415	13915
3417	13917
3423	13923
3433	13933
3435	13935
3440	13940
3443	13943
3449	13949
3452	13952
3455	13955
3456	13956
3460	13960
3461	13961
3463	13963
3466	13966
3469	13969
3482	13982
3485	13985
3487	13987
3495	13995
3496	13996
3500	14000
3502	14002
3505	14005
3509	14009
3511	14011
3513	14013
3517	14017
3518	14018
3519	14019
3520	14020
3523	14023
3525	14025
3529	14029
3533	14033
3538	14038
3541	14041
3543	14043
3544	14044
3546	14046
3547	14047
3551	14051
3560	14060
3567	14067
3570	14070
3571	14071
3574	14074
3579	14079
3585	14085
3587	14087
3593	14093
3596	14096
3606	14106
3614	14114
3618	14118
3621	14121
3625	14125
3628	14128
3633	14133
3635	14135
3637	14137
3638	14138
3645	14145
3646	14146
3648	14148
3650	14150
3652	14152
3658	14158
3661	14161
3662	14162
3666	14166
3670	14170
3671	14171
3678	14178
3684	14184
3688	14188
3689	14189
3690	14190
3691	14191
3692	14192
3696	14196
3704	14204
3705	14205
3708	14208
3711	14211
3715	14215
3718	14218
3720	14220
3725	14225
3726	14226
3731	14231
3734	14234
3735	14235
3738	14238
3742	14242
3746	14246
3749	14249
3753	14253
3757	14257
3761	14261
3762	14262
3764	14264
3767	14267
3769	14269
3771	14271
3772	14272
3775	14275
3776	14276
3781	14281
3786	14286
3792	14292
3795	14295
3798	14298
3799	14299
3805	14305
3809	14309
3812	14312
3816	14316
3830	14330
3831	14331
3834	14334
3838	14338
3843	14343
3847	14347
3850	14350
3856	14356
3875	14375
3877	14377
3883	14383
3884	14384
3887	14387
3889	14389
3891	14391
3892	14392
3894	14394
3896	14396
3897	14397
3903	14403
3904	14404
3907	14407
3908	14408
3909	14409
3910	14410
3913	14413
3916	14416
3930	14430
3935	14435
3941	14441
3956	14456
3961	14461
3963	14463
3965	14465
3968	14468
3975	14475
3982	14482
3984	14484
3986	14486
3987	14487
3994	14494
3995	14495
3996	14496
3998	14498
4002	14502
4004	14504
4006	14506
4007	14507
4008	14508
4011	14511
4014	14514
4016	14516
4017	14517
4023	14523
4025	14525
4032	14532
4033	14533
4039	14539
4044	14544
4046	14546
4050	14550
4053	14553
4060	14560
4062	14562
4068	14568
4069	14569
4070	14570
4077	14577
4079	14579
4083	14583
4084	14584
4086	14586
4089	14589
4095	14595
4097	14597
4103	14603
4105	14605
4106	14606
4108	14608
4110	14610
4114	14614
4118	14618
4120	14620
4124	14624
4125	14625
4128	14628
4129	14629
4130	14630
4131	14631
4138	14638
4139	14639
4141	14641
4144	14644
4148	14648
4149	14649
4156	14656
4159	14659
4160	14660
4171	14671
4175	14675
4181	14681
4185	14685
4189	14689
4190	14690
4192	14692
4195	14695
4198	14698
4200	14700
4220	14720
4225	14725
4227	14727
4230	14730
4233	14733
4236	14736
4237	14737
4243	14743
4245	14745
4248	14748
4249	14749
4257	14757
4258	14758
4262	14762
4264	14764
4266	14766
4271	14771
4279	14779
4283	14783
4284	14784
4292	14792
4293	14793
4308	14808
4316	14816
4317	14817
4323	14823
4324	14824
4327	14827
4329	14829
4330	14830
4333	14833
4334	14834
4339	14839
4342	14842
4348	14848
4370	14870
4372	14872
4375	14875
4379	14879
4387	14887
4388	14888
4389	14889
4394	14894
4404	14904
4408	14908
4417	14917
4422	14922
4433	14933
4434	14934
4439	14939
4448	14948
4455	14955
4467	14967
4471	14971
4481	14981
4485	14985
4486	14986
4488	14988
4491	14991
4494	14994
4499	14999
4505	15005
4509	15009
4511	15011
4517	15017
4520	15020
4521	15021
4531	15031
4535	15035
4537	15037
4543	15043
4544	15044
4547	15047
4548	15048
4555	15055
4562	15062
4565	15065
4571	15071
4572	15072
4574	15074
4576	15076
4580	15080
4586	15086
4589	15089
4598	15098
4601	15101
4604	15104
4606	15106
4607	15107
4611	15111
4616	15116
4618	15118
4620	15120
4624	15124
4629	15129
4631	15131
4637	15137
4645	15145
4653	15153
4657	15157
4659	15159
4669	15169
4672	15172
4678	15178
4679	15179
4689	15189
4690	15190
4704	15204
4720	15220
4721	15221
4722	15222
4733	15233
4737	15237
4741	15241
4743	15243
4744	15244
4750	15250
4752	15252
4753	15253
4754	15254
4757	15257
4761	15261
4763	15263
4765	15265
4771	15271
4774	15274
4777	15277
4779	15279
4781	15281
4784	15284
4786	15286
4790	15290
4791	15291
4793	15293
4810	15310
4815	15315
4820	15320
4826	15326
4831	15331
4834	15334
4835	15335
4838	15338
4840	15340
4843	15343
4850	15350
4853	15353
4860	15360
4867	15367
4869	15369
4872	15372
4876	15376
4881	15381
4882	15382
4889	15389
4893	15393
4902	15402
4903	15403
4906	15406
4907	15407
4913	15413
4916	15416
4918	15418
4922	15422
4924	15424
4927	15427
4930	15430
4932	15432
4934	15434
4936	15436
4939	15439
4942	15442
4944	15444
4949	15449
4952	15452
4953	15453
4955	15455
4957	15457
4959	15459
4965	15465
4966	15466
4970	15470
4975	15475
4978	15478
4980	15480
4981	15481
4996	15496
4997	15497
5007	15507
5021	15521
5022	15522
5026	15526
5027	15527
5028	15528
5030	15530
5031	15531
5034	15534
5035	15535
5036	15536
5041	15541
5043	15543
5044	15544
5045	15545
5048	15548
5049	15549
5051	15551
5054	15554
5056	15556
5057	15557
5064	15564
5065	15565
5073	15573
5076	15576
5078	15578
5080	15580
5081	15581
5086	15586
5089	15589
5092	15592
5096	15596
5100	15600
5106	15606
5107	15607
5115	15615
5119	15619
5126	15626
5147	15647
5149	15649
5150	15650
5163	15663
5164	15664
5167	15667
5178	15678
5182	15682
5183	15683
5190	15690
5192	15692
5193	15693
5199	15699
5204	15704
5208	15708
5211	15711
5215	15715
5216	15716
5218	15718
5228	15728
5232	15732
5234	15734
5235	15735
5236	15736
5239	15739
5247	15747
5251	15751
5256	15756
5257	15757
5258	15758
5260	15760
5262	15762
5263	15763
5272	15772
5273	15773
5278	15778
5279	15779
5280	15780
5281	15781
5288	15788
5292	15792
5298	15798
5301	15801
5302	15802
5310	15810
5311	15811
5312	15812
5313	15813
5318	15818
5322	15822
5324	15824
5325	15825
5328	15828
5329	15829
5330	15830
5335	15835
5340	15840
5355	15855
5356	15856
5361	15861
5363	15863
5368	15868
5370	15870
5374	15874
5379	15879
5382	15882
5386	15886
5387	15887
5388	15888
5389	15889
5393	15893
5399	15899
5406	15906
5413	15913
5414	15914
5425	15925
5429	15929
5442	15942
5446	15946
5448	15948
5456	15956
5459	15959
5468	15968
5475	15975
5476	15976
5478	15978
5483	15983
5485	15985
5489	15989
5491	15991
5497	15997
5503	16003
5504	16004
5512	16012
5513	16013
5514	16014
5515	16015
5521	16021
5535	16035
5536	16036
5538	16038
5539	16039
5542	16042
5547	16047
5550	16050
5552	16052
5554	16054
5558	16058
5564	16064
5570	16070
5578	16078
5579	16079
5582	16082
5588	16088
5593	16093
5596	16096
5601	16101
5616	16116
5618	16118
5619	16119
5621	16121
5624	16124
5625	16125
5628	16128
5629	16129
5633	16133
5639	16139
5643	16143
5644	16144
5648	16148
5650	16150
5654	16154
5655	16155
5659	16159
5662	16162
5664	16164
5666	16166
5668	16168
5669	16169
5672	16172
5676	16176
5679	16179
5686	16186
5687	16187
5688	16188
5692	16192
5701	16201
5704	16204
5708	16208
5716	16216
5718	16218
5721	16221
5722	16222
5723	16223
5730	16230
5731	16231
5741	16241
5744	16244
5745	16245
5746	16246
5747	16247
5750	16250
5751	16251
5754	16254
5756	16256
5758	16258
5761	16261
5765	16265
5766	16266
5773	16273
5775	16275
5779	16279
5781	16281
5783	16283
5791	16291
5796	16296
5797	16297
5800	16300
5806	16306
5808	16308
5812	16312
5814	16314
5816	16316
5820	16320
5825	16325
5830	16330
5834	16334
5843	16343
5847	16347
5849	16349
5852	16352
5853	16353
5855	16355
5856	16356
5857	16357
5858	16358
5862	16362
5864	16364
5865	16365
5867	16367
5868	16368
5872	16372
5874	16374
5875	16375
5879	16379
5885	16385
5888	16388
5890	16390
5894	16394
5900	16400
5903	16403
5904	16404
5907	16407
5909	16409
5910	16410
5912	16412
5913	16413
5915	16415
5918	16418
5920	16420
5924	16424
5925	16425
5927	16427
5928	16428
5935	16435
5937	16437
5938	16438
5947	16447
5948	16448
5949	16449
5950	16450
5958	16458
5959	16459
5961	16461
5963	16463
5965	16465
5969	16469
5976	16476
5979	16479
5982	16482
5984	16484
5987	16487
5989	16489
5990	16490
5996	16496
6009	16509
6011	16511
6012	16512
6014	16514
6016	16516
6017	16517
6020	16520
6021	16521
6023	16523
6030	16530
6034	16534
6045	16545
6046	16546
6077	16577
6080	16580
6081	16581
6095	16595
6096	16596
6104	16604
6114	16614
6121	16621
6124	16624
6133	16633
6134	16634
6135	16635
6136	16636
6140	16640
6144	16644
6146	16646
6148	16648
6149	16649
6158	16658
6159	16659
6161	16661
6163	16663
6164	16664
6168	16668
6169	16669
6170	16670
6171	16671
6174	16674
6175	16675
6177	16677
6179	16679
6181	16681
6186	16686
6188	16688
6195	16695
6197	16697
6198	16698
6206	16706
6207	16707
6224	16724
6225	16725
6227	16727
6230	16730
6233	16733
6236	16736
6237	16737
6242	16742
6245	16745
6249	16749
6254	16754
6259	16759
6260	16760
6263	16763
6265	16765
6271	16771
6273	16773
6275	16775
6277	16777
6285	16785
6292	16792
6295	16795
6298	16798
6300	16800
6301	16801
6304	16804
6309	16809
6314	16814
6315	16815
6321	16821
6325	16825
6327	16827
6329	16829
6331	16831
6337	16837
6339	16839
6348	16848
6349	16849
6355	16855
6357	16857
6358	16858
6372	16872
6380	16880
6381	16881
6382	16882
6386	16886
6389	16889
6392	16892
6394	16894
6399	16899
6401	16901
6402	16902
6403	16903
6405	16905
6409	16909
6410	16910
6412	16912
6415	16915
6417	16917
6418	16918
6424	16924
6426	16926
6430	16930
6433	16933
6443	16943
6444	16944
6447	16947
6448	16948
6454	16954
6463	16963
6465	16965
6471	16971
6472	16972
6482	16982
6483	16983
6484	16984
6490	16990
6497	16997
6499	16999
6504	17004
6507	17007
6508	17008
6518	17018
6521	17021
6525	17025
6531	17031
6534	17034
6538	17038
6539	17039
6540	17040
6541	17041
6542	17042
6549	17049
6550	17050
6552	17052
6553	17053
6560	17060
6564	17064
6570	17070
6571	17071
6572	17072
6574	17074
6579	17079
6580	17080
6583	17083
6585	17085
6586	17086
6587	17087
6592	17092
6594	17094
6604	17104
6609	17109
6610	17110
6617	17117
6620	17120
6627	17127
6631	17131
6635	17135
6637	17137
6639	17139
6642	17142
6644	17144
6652	17152
6653	17153
6654	17154
6656	17156
6659	17159
6665	17165
6667	17167
6668	17168
6669	17169
6673	17173
6674	17174
6677	17177
6691	17191
6693	17193
6696	17196
6703	17203
6708	17208
6713	17213
6717	17217
6719	17219
6720	17220
6725	17225
6726	17226
6733	17233
6734	17234
6736	17236
6737	17237
6741	17241
6748	17248
6752	17252
6753	17253
6758	17258
6760	17260
6761	17261
6764	17264
6765	17265
6771	17271
6783	17283
6788	17288
6798	17298
6801	17301
6808	17308
6809	17309
6813	17313
6814	17314
6815	17315
6819	17319
6820	17320
6821	17321
6823	17323
6825	17325
6826	17326
6827	17327
6829	17329
6833	17333
6834	17334
6836	17336
6841	17341
6856	17356
6859	17359
6861	17361
6875	17375
6883	17383
6894	17394
6897	17397
6902	17402
6906	17406
6908	17408
6910	17410
6911	17411
6916	17416
6921	17421
6923	17423
6928	17428
6929	17429
6933	17433
6936	17436
6938	17438
6940	17440
6942	17442
6948	17448
6957	17457
6959	17459
6962	17462
6964	17464
6967	17467
6968	17468
6972	17472
6979	17479
6981	17481
6992	17492
6993	17493
6997	17497
7001	17501
7003	17503
7004	17504
7008	17508
7012	17512
7023	17523
7027	17527
7028	17528
7030	17530
7038	17538
7040	17540
7041	17541
7044	17544
7051	17551
7056	17556
7068	17568
7069	17569
7072	17572
7074	17574
7079	17579
7082	17582
7084	17584
7086	17586
7088	17588
7094	17594
7095	17595
7101	17601
7102	17602
7110	17610
7113	17613
7118	17618
7122	17622
7130	17630
7132	17632
7133	17633
7134	17634
7137	17637
7143	17643
7145	17645
7150	17650
7152	17652
7154	17654
7157	17657
7158	17658
7159	17659
7160	17660
7162	17662
7164	17664
7168	17668
7172	17672
7173	17673
7174	17674
7176	17676
7180	17680
7181	17681
7184	17684
7186	17686
7194	17694
7195	17695
7198	17698
7203	17703
7205	17705
7207	17707
7208	17708
7209	17709
7210	17710
7218	17718
7220	17720
7225	17725
7226	17726
7228	17728
7236	17736
7238	17738
7243	17743
7245	17745
7249	17749
7250	17750
7251	17751
7257	17757
7260	17760
7263	17763
7268	17768
7274	17774
7275	17775
7283	17783
7284	17784
7285	17785
7287	17787
7290	17790
7291	17791
7298	17798
7303	17803
7308	17808
7310	17810
7311	17811
7317	17817
7318	17818
7321	17821
7322	17822
7326	17826
7330	17830
7341	17841
7342	17842
7349	17849
7351	17851
7352	17852
7353	17853
7360	17860
7364	17864
7365	17865
7368	17868
7370	17870
7373	17873
7380	17880
7387	17887
7389	17889
7390	17890
7391	17891
7392	17892
7395	17895
7397	17897
7409	17909
7411	17911
7412	17912
7416	17916
7421	17921
7422	17922
7431	17931
7440	17940
7441	17941
7444	17944
7447	17947
7449	17949
7457	17957
7463	17963
7464	17964
7466	17966
7468	17968
7469	17969
7473	17973
7484	17984
7485	17985
7495	17995
7500	18000
7505	18005
7509	18009
7510	18010
7516	18016
7520	18020
7526	18026
7533	18033
7535	18035
7536	18036
7537	18037
7539	18039
7541	18041
7542	18042
7545	18045
7549	18049
7552	18052
7555	18055
7560	18060
7565	18065
7566	18066
7568	18068
7569	18069
7571	18071
7572	18072
7576	18076
7578	18078
7584	18084
7588	18088
7593	18093
7594	18094
7597	18097
7599	18099
7601	18101
7603	18103
7605	18105
7613	18113
7614	18114
7615	18115
7616	18116
7622	18122
7623	18123
7630	18130
7632	18132
7643	18143
7644	18144
7653	18153
7657	18157
7659	18159
7663	18163
7667	18167
7677	18177
7678	18178
7681	18181
7682	18182
7684	18184
7685	18185
7695	18195
7698	18198
7706	18206
7708	18208
7711	18211
7721	18221
7726	18226
7727	18227
7728	18228
7730	18230
7733	18233
7741	18241
7742	18242
7743	18243
7750	18250
7753	18253
7756	18256
7757	18257
7758	18258
7760	18260
7761	18261
7766	18266
7768	18268
7771	18271
7776	18276
7779	18279
7791	18291
7795	18295
7803	18303
7804	18304
7811	18311
7816	18316
7820	18320
7822	18322
7826	18326
7830	18330
7834	18334
7836	18336
7851	18351
7855	18355
7864	18364
7868	18368
7869	18369
7876	18376
7877	18377
7880	18380
7890	18390
7894	18394
7895	18395
7896	18396
7900	18400
7904	18404
7907	18407
7908	18408
7911	18411
7924	18424
7932	18432
7933	18433
7936	18436
7939	18439
7947	18447
7951	18451
7956	18456
7957	18457
7962	18462
7968	18468
7975	18475
7980	18480
7988	18488
7994	18494
7999	18499
8004	18504
8009	18509
8010	18510
8011	18511
8012	18512
8013	18513
8015	18515
8021	18521
8024	18524
8026	18526
8031	18531
8033	18533
8040	18540
8043	18543
8048	18548
8049	18549
8058	18558
8060	18560
8064	18564
8066	18566
8068	18568
8071	18571
8072	18572
8076	18576
8080	18580
8083	18583
8087	18587
8090	18590
8091	18591
8092	18592
8093	18593
8094	18594
8106	18606
8117	18617
8127	18627
8128	18628
8131	18631
8133	18633
8134	18634
8138	18638
8141	18641
8143	18643
8145	18645
8147	18647
8154	18654
8166	18666
8169	18669
8171	18671
8173	18673
8176	18676
8181	18681
8186	18686
8188	18688
8198	18698
8201	18701
8211	18711
8214	18714
8218	18718
8224	18724
8238	18738
8241	18741
8254	18754
8255	18755
8265	18765
8270	18770
8272	18772
8274	18774
8277	18777
8280	18780
8285	18785
8291	18791
8292	18792
8294	18794
8308	18808
8309	18809
8311	18811
8314	18814
8317	18817
8322	18822
8323	18823
8331	18831
8335	18835
8341	18841
8343	18843
8350	18850
8352	18852
8356	18856
8358	18858
8360	18860
8365	18865
8370	18870
8373	18873
8374	18874
8376	18876
8383	18883
8386	18886
8390	18890
8392	18892
8400	18900
8405	18905
8410	18910
8416	18916
8426	18926
8428	18928
8431	18931
8433	18933
8436	18936
8438	18938
8442	18942
8450	18950
8452	18952
8456	18956
8464	18964
8470	18970
8472	18972
8474	18974
8475	18975
8476	18976
8481	18981
8482	18982
8483	18983
8485	18985
8491	18991
8493	18993
8505	19005
8508	19008
8510	19010
8518	19018
8520	19020
8525	19025
8537	19037
8538	19038
8545	19045
8550	19050
8552	19052
8553	19053
8555	19055
8559	19059
8560	19060
8564	19064
8565	19065
8573	19073
8578	19078
8580	19080
8582	19082
8583	19083
8590	19090
8593	19093
8595	19095
8598	19098
8599	19099
8605	19105
8607	19107
8609	19109
8610	19110
8614	19114
8615	19115
8616	19116
8620	19120
8624	19124
8625	19125
8627	19127
8631	19131
8634	19134
8645	19145
8652	19152
8653	19153
8657	19157
8659	19159
8662	19162
8663	19163
8664	19164
8665	19165
8668	19168
8685	19185
8694	19194
8697	19197
8700	19200
8703	19203
8706	19206
8721	19221
8728	19228
8731	19231
8734	19234
8738	19238
8739	19239
8740	19240
8741	19241
8743	19243
8744	19244
8747	19247
8748	19248
8755	19255
8761	19261
8768	19268
8769	19269
8773	19273
8774	19274
8776	19276
8779	19279
8786	19286
8789	19289
8796	19296
8797	19297
8800	19300
8801	19301
8812	19312
8822	19322
8823	19323
8832	19332
8835	19335
8837	19337
8852	19352
8853	19353
8856	19356
8859	19359
8865	19365
8867	19367
8868	19368
8874	19374
8876	19376
8879	19379
8883	19383
8884	19384
8885	19385
8886	19386
8891	19391
8896	19396
8902	19402
8905	19405
8910	19410
8912	19412
8914	19414
8923	19423
8930	19430
8933	19433
8934	19434
8944	19444
8948	19448
8951	19451
8957	19457
8960	19460
8961	19461
8963	19463
8965	19465
8966	19466
8970	19470
8982	19482
8983	19483
8985	19485
8986	19486
8990	19490
8995	19495
8996	19496
8997	19497
8998	19498
9003	19503
9005	19505
9008	19508
9012	19512
9014	19514
9022	19522
9025	19525
9028	19528
9029	19529
9032	19532
9039	19539
9040	19540
9042	19542
9043	19543
9047	19547
9048	19548
9052	19552
9056	19556
9066	19566
9068	19568
9071	19571
9073	19573
9074	19574
9075	19575
9076	19576
9080	19580
9084	19584
9094	19594
9102	19602
9107	19607
9108	19608
9110	19610
9114	19614
9116	19616
9118	19618
9121	19621
9127	19627
9130	19630
9131	19631
9132	19632
9138	19638
9148	19648
9149	19649
9151	19651
9152	19652
9155	19655
9157	19657
9161	19661
9168	19668
9173	19673
9177	19677
9178	19678
9180	19680
9183	19683
9187	19687
9190	19690
9194	19694
9196	19696
9197	19697
9199	19699
9202	19702
9203	19703
9205	19705
9206	19706
9207	19707
9213	19713
9217	19717
9221	19721
9223	19723
9224	19724
9226	19726
9227	19727
9229	19729
9232	19732
9234	19734
9238	19738
9239	19739
9248	19748
9249	19749
9255	19755
9258	19758
9269	19769
9272	19772
9273	19773
9275	19775
9281	19781
9282	19782
9287	19787
9290	19790
9293	19793
9296	19796
9300	19800
9301	19801
9304	19804
9307	19807
9320	19820
9324	19824
9329	19829
9333	19833
9339	19839
9344	19844
9346	19846
9348	19848
9355	19855
9356	19856
9364	19864
9367	19867
9381	19881
9388	19888
9390	19890
9401	19901
9405	19905
9408	19908
9412	19912
9415	19915
9421	19921
9425	19925
9426	19926
9430	19930
9431	19931
9435	19935
9441	19941
9442	19942
9443	19943
9444	19944
9449	19949
9451	19951
9453	19953
9460	19960
9461	19961
9463	19963
9473	19973
9474	19974
9475	19975
9479	19979
9480	19980
9483	19983
9486	19986
9488	19988
9489	19989
9495	19995
9518	20018
9519	20019
9522	20022
9528	20028
9533	20033
9540	20040
9549	20049
9553	20053
9559	20059
9561	20061
9563	20063
9564	20064
9569	20069
9572	20072
9575	20075
9579	20079
9586	20086
9589	20089
9591	20091
9593	20093
9594	20094
9595	20095
9602	20102
9603	20103
9619	20119
9620	20120
9621	20121
9622	20122
9627	20127
9628	20128
9632	20132
9640	20140
9641	20141
9644	20144
9649	20149
9654	20154
9664	20164
9665	20165
9667	20167
9670	20170
9672	20172
9674	20174
9676	20176
9684	20184
9685	20185
9690	20190
9692	20192
9693	20193
9697	20197
9699	20199
9704	20204
9705	20205
9714	20214
9724	20224
9730	20230
9731	20231
9737	20237
9742	20242
9745	20245
9749	20249
9750	20250
9752	20252
9758	20258
9767	20267
9770	20270
9778	20278
9780	20280
9788	20288
9791	20291
9792	20292
9793	20293
9798	20298
9801	20301
9804	20304
9807	20307
9814	20314
9824	20324
9825	20325
9826	20326
9827	20327
9832	20332
9841	20341
9845	20345
9846	20346
9849	20349
9853	20353
9865	20365
9867	20367
9873	20373
9878	20378
9883	20383
9886	20386
9888	20388
9892	20392
9894	20394
9899	20399
9904	20404
9905	20405
9908	20408
9909	20409
9910	20410
9915	20415
9917	20417
9918	20418
9920	20420
9922	20422
9926	20426
9932	20432
9933	20433
9937	20437
9942	20442
9944	20444
9947	20447
9951	20451
9954	20454
9961	20461
9967	20467
9973	20473
9977	20477
9984	20484
9990	20490
9993	20493
9995	20495
9997	20497
9999	20499
10000	20500
10001	20501
10003	20503
10009	20509
10011	20511
10013	20513
10019	20519
10021	20521
10023	20523
10030	20530
10032	20532
10047	20547
10054	20554
10056	20556
10057	20557
10058	20558
10060	20560
10065	20565
10073	20573
10076	20576
10077	20577
10079	20579
10081	20581
10086	20586
10088	20588
10090	20590
10096	20596
10097	20597
10098	20598
10104	20604
10108	20608
10121	20621
10129	20629
10134	20634
10139	20639
10140	20640
10144	20644
10145	20645
10146	20646
10147	20647
10148	20648
10159	20659
10164	20664
10169	20669
10173	20673
10175	20675
10180	20680
10181	20681
10189	20689
10193	20693
10195	20695
10199	20699
10202	20702
10205	20705
10213	20713
10214	20714
10227	20727
10228	20728
10230	20730
10234	20734
10238	20738
10246	20746
10250	20750
10251	20751
10256	20756
10260	20760
10261	20761
10262	20762
10263	20763
10264	20764
10266	20766
10269	20769
10274	20774
10276	20776
10278	20778
10291	20791
10297	20797
10298	20798
10302	20802
10305	20805
10306	20806
10309	20809
10313	20813
10321	20821
10326	20826
10327	20827
10330	20830
10337	20837
10340	20840
10343	20843
10346	20846
10351	20851
10356	20856
10357	20857
10369	20869
10372	20872
10374	20874
10379	20879
10382	20882
10384	20884
10388	20888
10391	20891
10397	20897
10401	20901
10403	20903
10405	20905
10406	20906
10409	20909
10415	20915
10419	20919
10421	20921
10423	20923
10441	20941
10444	20944
10445	20945
10454	20954
10455	20955
10460	20960
10461	20961
10463	20963
10464	20964
10465	20965
10469	20969
10474	20974
10478	20978
10481	20981
10489	20989
10490	20990
10494	20994
10496	20996
10497	20997
23222	35094
21088	35095
22170	35096
21632	35099
23167	35103
22109	35106
21913	35107
23761	35109
24329	35113
22150	35117
24502	35120
24915	35136
22936	35137
21894	35143
21906	35149
23538	35151
23476	35152
24932	35153
23187	35156
24467	35159
25316	35161
24617	35165
22945	35169
25001	35170
24448	35171
23336	35172
24431	35173
22593	35181
24694	35189
23008	35193
21562	35194
21052	35197
21139	35200
21704	35210
25233	35219
21023	35222
23745	35226
21761	35227
21892	35228
23232	35229
21717	35230
22855	35231
22480	35232
24711	35235
22147	35237
24873	35241
22272	35243
24370	35245
21506	35249
24481	35253
22386	35255
21467	35266
21355	35269
21540	35275
24717	35280
21884	35281
25211	35282
24666	35301
22784	35305
22161	35306
23437	35307
23909	35311
23168	35312
22589	35314
23033	35315
21915	35321
21601	35322
21414	35329
23392	35330
22910	35338
22648	35342
25240	35357
25332	35368
24673	35371
22085	35380
25270	35381
22926	35384
22574	35386
22613	35388
21174	35389
24338	35392
23062	35394
23398	35397
21183	35402
21024	35410
23762	35411
25490	35417
24082	35420
24652	35425
22853	35426
23122	35433
22865	35436
25263	35437
24450	35439
22956	35441
22734	35444
23406	35446
24038	35449
23501	35453
22139	35458
23701	35459
22621	35461
21839	35463
24009	35466
24601	35472
22597	35479
23665	35482
22402	35486
21557	35491
23978	35495
25137	35499
21519	35500
25344	35502
22454	35503
23519	35504
25036	35506
23382	35507
24279	35508
24163	35510
23639	35513
23837	35514
24135	35518
21491	35522
24904	35532
25349	35534
24254	35535
23203	35537
23359	35538
25024	35539
24640	35542
22560	35551
23689	35557
21197	35558
21451	35563
24048	35567
23795	35568
24061	35572
24485	35573
21655	35574
23791	35577
25050	35579
22550	35587
25076	35589
24610	35591
24745	35592
22366	35598
22595	35604
21803	35614
22200	35618
23792	35624
24308	35626
23321	35629
24044	35632
23968	35633
22756	35634
22664	35639
22058	35642
21539	35650
22290	35651
24732	35654
25306	35655
22238	35670
25288	35676
21107	35677
24625	35683
25144	35687
23632	35688
22561	35699
23720	35711
22425	35712
23515	35717
21578	35718
24955	35721
25278	35728
23039	35729
21486	35731
22810	35733
25251	35736
25492	35742
22415	35743
24330	35746
21775	35758
24160	35775
25411	35777
21851	35779
25259	35782
25190	35783
22176	35785
22979	35791
23096	35795
22062	35801
24914	35805
23967	35806
21229	35811
22271	35814
22020	35819
23553	35823
23526	35827
23612	35832
24622	35833
22630	35843
23180	35846
22764	35848
24557	35858
25114	35865
22665	35866
24095	35871
25333	35876
23741	35881
21074	35882
22441	35886
23234	35888
24743	35890
25425	35891
21284	35892
21849	35898
22009	35899
21922	35904
23214	35906
22208	35908
23928	35909
23460	35910
23400	35911
23574	35914
23051	35917
21846	35920
24984	35924
24759	35929
24172	35932
21201	35933
21701	35935
23251	35937
23766	35940
24443	35945
22607	35948
21764	35951
25250	35953
21252	35968
22478	35970
21053	35973
24402	35977
22427	35989
22030	35991
25436	35992
25424	35998
25028	36000
22821	36001
21596	36002
23334	36006
24609	36007
21499	36010
22159	36013
21114	36015
23816	36019
22565	36022
23600	36026
23828	36028
23094	36035
21842	36037
23146	36040
23663	36044
22830	36054
24471	36059
21078	36061
22256	36067
25368	36069
21282	36073
21627	36077
23144	36078
25199	36080
21891	36081
25495	36082
25299	36083
22136	36086
23659	36087
24315	36088
24850	36090
21143	36093
24836	36103
22198	36104
21604	36105
22177	36107
22184	36119
24675	36123
24049	36125
24185	36126
24267	36131
21589	36133
21153	36136
22799	36137
23353	36138
25073	36141
25470	36146
21570	36149
22164	36156
21695	36158
24730	36160
22935	36163
24251	36171
23467	36172
24849	36174
22612	36193
25399	36194
22370	36210
24428	36212
24660	36217
22871	36222
23619	36223
23988	36233
21164	36237
24882	36242
21953	36244
24466	36246
24067	36252
22096	36253
23890	36264
23185	36265
25059	36271
21100	36278
22299	36282
23610	36283
24134	36288
22495	36289
23737	36292
25322	36293
24168	36294
21474	36298
22212	36302
22051	36311
25248	36318
21300	36319
23276	36321
25069	36325
23028	36327
24130	36329
22232	36348
25044	36349
23734	36351
21833	36355
22990	36356
24424	36358
21472	36363
21994	36366
23527	36367
23395	36374
23480	36375
22047	36384
24129	36385
24091	36386
21354	36388
21983	36389
24237	36401
22548	36409
24889	36412
22302	36414
23945	36415
22225	36421
24778	36423
23151	36425
22321	36426
22017	36430
21720	36436
22178	36440
21489	36443
24035	36445
25465	36446
23216	36465
22063	36470
25252	36473
22129	36475
23029	36482
25182	36483
24107	36484
23771	36489
21411	36490
21740	36500
22919	36501
21862	36503
22082	36508
24947	36510
23193	36514
24565	36517
25027	36522
23954	36531
23958	36544
24234	36548
21400	36549
23985	36552
24037	36553
23125	36554
24620	36557
21033	36560
25226	36561
25472	36564
24474	36566
23643	36569
21326	36572
23851	36579
23581	36580
24644	36584
22577	36586
24020	36590
23118	36594
23509	36595
22719	36596
21559	36598
22022	36613
22273	36615
23061	36623
24083	36626
23992	36630
21249	36647
24415	36648
22133	36650
25046	36652
23378	36654
21778	36658
23507	36665
22677	36670
23677	36671
24773	36677
22391	36679
22795	36680
22997	36681
22098	36685
22160	36686
24425	36688
23257	36695
25037	36696
21417	36702
24961	36703
22231	36705
23149	36714
23076	36715
22976	36720
21533	36724
23512	36734
23667	36737
25047	36739
21463	36741
22541	36742
22287	36744
23670	36748
24505	36752
22981	36762
22552	36768
21169	36774
25214	36778
21667	36782
23699	36784
25163	36790
24041	36792
22920	36795
25454	36796
24378	36798
24746	36803
25297	36807
22353	36811
21353	36817
21693	36818
25497	36828
24739	36834
21868	36835
21111	36836
22108	36839
24353	36841
22242	36842
21860	36845
23350	36850
22244	36855
24445	36860
24898	36862
21232	36863
23805	36865
22762	36867
23631	36868
22967	36869
21333	36882
21783	36888
23523	36891
21071	36892
23052	36894
25268	36899
21470	36900
24190	36904
24896	36921
21754	36930
21206	36933
23541	36935
23662	36938
24429	36940
22142	36942
22075	36944
24871	36945
24941	36946
21613	36948
21859	36958
22372	36960
25484	36963
21109	36966
23674	36968
22241	36970
23177	36979
24404	36980
23889	36984
24024	36986
21907	36992
25410	36993
24409	36997
21675	36998
22668	37000
23405	37002
22531	37005
22879	37012
23354	37016
23768	37017
24851	37020
21029	37021
22994	37026
22519	37029
23366	37033
22462	37039
22385	37040
24956	37042
24397	37043
23324	37045
21278	37051
24408	37054
23774	37055
22019	37062
22194	37064
25171	37072
25460	37081
22118	37083
25021	37093
24475	37096
24288	37101
21649	37104
23463	37106
24174	37108
22616	37114
22508	37116
21408	37117
25247	37119
24911	37129
22012	37132
24072	37133
21567	37134
22610	37135
23417	37136
24680	37138
24749	37142
21810	37149
23997	37165
23494	37168
25051	37178
24440	37187
25435	37189
22535	37195
24810	37197
22906	37198
22937	37199
23649	37201
24337	37202
22611	37207
21853	37210
24386	37214
23559	37228
21236	37229
25262	37230
24032	37233
22288	37239
22467	37240
25084	37251
24648	37252
25101	37258
24883	37260
22711	37261
21432	37263
24525	37264
23314	37266
21424	37281
21958	37282
23258	37284
21134	37286
22006	37289
24795	37295
21020	37299
24042	37311
21212	37313
23255	37316
24379	37326
21856	37328
21260	37330
23583	37336
22027	37338
21838	37340
21359	37345
21386	37347
21259	37349
24982	37351
25103	37353
22474	37355
22269	37356
23508	37357
23544	37366
23800	37368
23090	37371
24418	37372
23154	37373
23691	37374
24388	37378
21644	37379
21095	37381
23866	37382
23189	37383
24390	37385
21597	37388
24838	37389
21059	37393
24031	37399
25156	37411
24019	37412
24797	37414
25013	37415
21250	37416
25193	37418
22112	37420
23011	37430
23731	37431
25004	37433
23698	37435
21368	37441
24489	37445
24685	37452
24368	37458
23363	37465
22457	37468
21487	37469
23661	37471
22580	37473
21547	37474
22252	37477
22153	37482
24716	37484
21264	37485
23403	37489
21836	37490
21893	37494
25391	37495
21619	37496
23611	37502
24002	37507
24385	37508
25184	37511
25339	37516
24173	37519
25459	37525
21951	37531
22185	37540
24571	37543
22938	37552
23776	37554
24248	37556
23195	37558
21767	37563
21808	37564
23924	37566
22119	37567
21482	37569
21102	37570
23647	37580
24157	37582
22224	37589
23981	37598
24282	37600
25426	37601
23376	37602
21443	37608
23777	37612
24167	37614
24210	37615
22822	37617
23298	37618
23848	37620
22362	37621
22747	37624
21157	37627
21007	37634
23976	37637
21750	37640
21702	37650
21379	37652
24866	37657
24566	37664
22038	37674
24727	37675
21008	37682
24594	37683
22693	37686
21582	37689
23729	37693
23137	37695
24994	37697
24682	37704
24297	37705
21145	37706
22689	37707
25330	37708
21464	37709
24039	37710
21122	37712
21294	37713
22925	37715
22516	37716
23705	37723
21629	37726
23975	37727
23704	37738
23155	37747
23578	37751
24496	37755
24073	37760
24498	37761
21495	37762
25441	37764
23688	37768
25280	37769
23586	37773
21954	37774
23358	37781
21991	37786
25159	37789
24367	37793
24869	37799
22642	37801
22490	37803
24292	37808
22350	37810
23109	37812
21258	37816
24164	37821
21357	37823
23319	37833
24927	37834
22106	37837
22282	37838
23585	37839
23307	37848
22521	37850
21873	37853
24642	37859
23716	37861
24323	37863
22247	37872
22334	37878
23948	37880
21805	37883
22987	37885
25102	37892
21730	37894
22881	37899
22278	37900
21173	37903
24606	37905
22424	37906
21683	37908
21555	37910
24885	37916
24293	37920
24291	37923
23770	37928
21375	37935
24808	37937
23197	37939
21021	37942
23984	37946
22280	37952
21117	37953
22887	37955
24664	37962
21975	37964
24239	37966
23587	37969
23139	37971
22333	37972
23905	37974
22214	37985
21166	37986
23069	37991
23747	37995
21366	37998
22555	37999
24993	38001
24325	38007
22778	38010
24232	38016
23161	38021
22798	38023
24802	38039
21435	38040
22470	38042
23385	38043
21230	38058
21920	38059
24558	38062
21639	38067
23252	38071
23781	38073
21227	38074
25267	38076
22162	38079
24144	38080
24605	38084
23115	38085
24764	38086
22814	38088
23053	38090
23824	38102
24763	38103
21660	38111
24729	38116
23282	38126
25329	38129
24613	38130
22671	38132
22180	38134
23337	38137
21194	38138
21587	38146
21438	38150
22498	38152
22401	38158
24360	38160
21743	38161
22651	38165
22627	38166
24595	38167
21090	38171
25019	38181
23212	38187
21459	38194
22619	38195
24902	38209
22084	38210
22314	38212
23966	38218
22615	38219
22215	38226
25345	38230
21397	38236
24084	38239
21821	38244
22052	38246
23965	38248
23878	38250
25242	38254
24725	38257
23713	38264
24700	38268
22165	38270
24949	38273
21099	38274
23759	38278
24462	38282
21616	38284
22862	38289
22155	38290
21455	38292
22284	38309
22592	38312
21290	38314
22158	38319
23740	38322
25219	38323
25458	38329
22647	38334
23528	38341
21351	38343
24614	38346
25266	38351
22499	38354
24070	38355
22806	38359
23415	38364
23859	38371
21538	38372
24302	38382
21708	38386
22742	38387
22575	38389
24874	38398
22347	38401
24235	38408
21595	38410
24579	38411
22086	38414
23419	38415
23250	38416
25343	38417
24361	38421
25296	38426
21454	38428
23320	38436
23297	38446
22021	38447
22230	38451
22867	38453
25229	38459
22877	38462
21137	38469
23778	38471
22620	38472
24344	38475
21221	38477
22504	38478
25455	38487
21163	38488
24137	38497
23787	38499
23916	38502
25222	38503
23239	38510
24491	38512
21050	38514
21427	38521
25453	38523
24856	38525
24166	38526
24816	38534
21017	38535
23654	38537
23171	38545
21857	38547
23915	38549
23447	38554
23264	38555
23273	38556
23943	38558
25423	38564
24962	38568
22819	38574
22205	38577
24147	38579
22114	38580
23855	38584
22130	38587
22323	38589
25088	38591
22183	38592
22781	38595
23683	38603
24757	38610
24188	38611
23651	38614
22913	38618
22015	38620
21084	38623
24150	38630
21944	38644
24861	38646
24369	38649
24396	38651
21093	38653
23560	38656
22823	38657
22896	38664
23597	38666
25246	38669
24758	38676
24422	38680
24639	38681
23807	38686
24627	38689
23444	38694
24578	38696
23291	38704
25043	38706
22120	38707
24645	38712
21380	38713
23657	38714
24829	38719
24139	38720
24377	38725
23880	38726
23982	38727
23143	38730
22115	38737
21959	38739
21744	38740
23744	38743
24086	38749
22864	38750
21776	38753
24520	38758
22673	38762
24142	38770
22908	38772
21688	38773
23025	38774
25282	38775
24671	38776
23266	38777
23505	38781
23393	38785
22171	38789
25365	38796
23017	38797
24684	38803
23594	38806
24125	38807
22559	38809
21996	38818
24761	38820
23176	38822
23653	38828
24584	38829
21763	38836
22888	38839
23351	38840
21011	38841
24452	38842
23191	38847
25476	38850
21015	38855
22064	38856
22395	38862
21732	38867
24246	38870
21479	38872
22695	38882
23999	38885
21064	38886
22018	38888
23292	38890
24092	38891
22297	38895
22702	38899
25134	38906
23329	38911
23121	38917
22586	38918
21036	38919
25317	38922
21828	38925
21160	38930
21545	38934
22418	38935
23638	38940
24587	38942
21792	38945
23101	38949
23825	38950
22656	38954
23577	38955
22868	38972
24175	38975
23129	38978
24689	38979
22710	38983
25323	38987
23929	38989
21772	38991
22053	38993
23531	38994
21319	38996
25217	38999
21548	39004
23970	39010
21180	39018
24500	39019
23245	39022
25462	39030
22727	39032
22672	39034
22281	39035
23360	39046
21758	39047
22123	39049
23317	39053
24699	39054
24216	39060
22209	39068
21928	39069
22660	39070
24218	39076
25092	39078
24668	39079
23367	39082
24573	39083
22732	39087
25467	39092
24003	39093
24400	39099
24890	39101
22860	39103
25481	39105
24036	39107
22681	39108
21257	39110
24623	39122
25402	39126
22626	39134
22398	39145
22740	39147
21819	39148
21344	39149
21148	39150
22293	39151
24156	39152
24672	39155
22223	39162
24115	39167
23260	39171
21219	39174
25126	39197
21989	39199
24165	39200
23190	39202
23448	39204
22726	39205
24939	39206
23502	39209
24528	39212
24132	39214
23236	39215
24631	39216
21999	39220
22688	39221
23253	39226
23854	39228
24319	39229
22917	39231
23940	39232
25176	39246
24880	39249
21087	39254
24112	39267
22982	39271
22422	39275
22456	39276
21255	39282
21563	39285
25406	39286
24771	39290
22835	39291
21146	39296
25042	39297
21671	39299
21716	39300
23315	39302
22056	39303
22650	39304
23801	39307
24018	39315
23935	39326
24552	39327
23556	39330
21245	39337
23865	39339
21889	39342
24870	39344
22657	39346
24043	39347
25432	39348
24196	39351
23108	39359
24933	39364
22952	39365
23434	39367
22943	39368
21141	39371
22157	39375
25421	39377
22551	39385
22336	39387
24691	39388
21798	39401
24126	39415
22328	39420
21553	39422
23370	39423
23987	39425
22097	39426
21558	39428
23939	39430
23075	39434
21714	39444
23228	39445
22306	39452
24976	39453
22207	39454
23365	39457
21083	39458
24203	39461
24121	39466
23261	39468
24990	39474
21461	39477
21188	39482
23871	39486
25203	39488
23641	39496
24551	39500
23803	39504
24265	39512
23861	39518
22771	39519
22988	39523
25224	39530
23835	39533
22895	39536
21977	39544
24604	39550
21645	39551
24205	39553
23576	39558
22931	39561
24556	39562
21746	39563
25107	39568
22843	39585
24334	39587
23860	39589
23262	39590
