0	10500
3	10503
4	10504
5	10505
7	10507
12	10512
19	10519
21	10521
25	10525
27	10527
31	10531
39	10539
41	10541
54	10554
62	10562
68	10568
70	10570
82	10582
87	10587
91	10591
93	10593
100	10600
107	10607
108	10608
110	10610
112	10612
119	10619
122	10622
127	10627
137	10637
141	10641
156	10656
158	10658
161	10661
162	10662
164	10664
168	10668
170	10670
171	10671
190	10690
197	10697
204	10704
213	10713
225	10725
228	10728
230	10730
231	10731
235	10735
237	10737
238	10738
241	10741
256	10756
262	10762
268	10768
273	10773
276	10776
279	10779
287	10787
292	10792
293	10793
297	10797
300	10800
309	10809
311	10811
312	10812
316	10816
319	10819
325	10825
341	10841
344	10844
348	10848
350	10850
351	10851
355	10855
356	10856
357	10857
358	10858
363	10863
364	10864
367	10867
368	10868
369	10869
376	10876
383	10883
385	10885
387	10887
389	10889
393	10893
396	10896
397	10897
401	10901
403	10903
406	10906
409	10909
412	10912
413	10913
416	10916
422	10922
425	10925
427	10927
431	10931
435	10935
438	10938
439	10939
440	10940
443	10943
444	10944
445	10945
450	10950
451	10951
461	10961
464	10964
465	10965
471	10971
476	10976
477	10977
480	10980
481	10981
482	10982
489	10989
491	10991
495	10995
499	10999
514	11014
516	11016
517	11017
518	11018
519	11019
520	11020
527	11027
528	11028
533	11033
538	11038
540	11040
543	11043
546	11046
553	11053
561	11061
565	11065
566	11066
568	11068
569	11069
570	11070
575	11075
580	11080
582	11082
594	11094
598	11098
599	11099
600	11100
606	11106
607	11107
618	11118
626	11126
628	11128
630	11130
632	11132
633	11133
634	11134
636	11136
640	11140
641	11141
647	11147
653	11153
657	11157
661	11161
663	11163
670	11170
678	11178
682	11182
688	11188
691	11191
693	11193
695	11195
700	11200
702	11202
707	11207
713	11213
715	11215
717	11217
719	11219
721	11221
724	11224
731	11231
732	11232
734	11234
742	11242
749	11249
754	11254
755	11255
759	11259
760	11260
762	11262
764	11264
766	11266
768	11268
776	11276
777	11277
778	11278
779	11279
782	11282
785	11285
787	11287
790	11290
792	11292
795	11295
796	11296
798	11298
799	11299
801	11301
805	11305
809	11309
810	11310
811	11311
813	11313
820	11320
821	11321
825	11325
826	11326
827	11327
828	11328
831	11331
835	11335
839	11339
843	11343
847	11347
848	11348
855	11355
856	11356
859	11359
862	11362
865	11365
866	11366
867	11367
868	11368
872	11372
876	11376
877	11377
890	11390
892	11392
893	11393
899	11399
900	11400
903	11403
904	11404
905	11405
910	11410
929	11429
930	11430
931	11431
935	11435
937	11437
938	11438
940	11440
955	11455
960	11460
963	11463
965	11465
969	11469
970	11470
973	11473
978	11478
985	11485
988	11488
992	11492
994	11494
996	11496
1000	11500
1006	11506
1012	11512
1015	11515
1017	11517
1034	11534
1042	11542
1047	11547
1053	11553
1056	11556
1058	11558
1061	11561
1062	11562
1068	11568
1073	11573
1078	11578
1089	11589
1092	11592
1100	11600
1103	11603
1109	11609
1110	11610
1112	11612
1115	11615
1117	11617
1118	11618
1119	11619
1122	11622
1126	11626
1131	11631
1136	11636
1139	11639
1140	11640
1142	11642
1148	11648
1149	11649
1150	11650
1151	11651
1153	11653
1154	11654
1155	11655
1156	11656
1157	11657
1166	11666
1170	11670
1172	11672
1175	11675
1176	11676
1177	11677
1190	11690
1193	11693
1197	11697
1198	11698
1199	11699
1200	11700
1201	11701
1203	11703
1206	11706
1207	11707
1211	11711
1214	11714
1224	11724
1231	11731
1232	11732
1233	11733
1236	11736
1239	11739
1242	11742
1252	11752
1257	11757
1259	11759
1262	11762
1263	11763
1264	11764
1266	11766
1268	11768
1271	11771
1274	11774
1275	11775
1280	11780
1284	11784
1288	11788
1293	11793
1296	11796
1301	11801
1306	11806
1309	11809
1315	11815
1316	11816
1322	11822
1329	11829
1332	11832
1341	11841
1347	11847
1351	11851
1358	11858
1364	11864
1369	11869
1373	11873
1376	11876
1381	11881
1383	11883
1388	11888
1390	11890
1393	11893
1395	11895
1396	11896
1398	11898
1400	11900
1406	11906
1407	11907
1408	11908
1409	11909
1416	11916
1419	11919
1421	11921
1422	11922
1427	11927
1443	11943
1450	11950
1453	11953
1454	11954
1455	11955
1462	11962
1464	11964
1465	11965
1466	11966
1468	11968
1469	11969
1471	11971
1476	11976
1479	11979
1482	11982
1484	11984
1486	11986
1491	11991
1494	11994
1496	11996
1501	12001
1502	12002
1503	12003
1505	12005
1506	12006
1522	12022
1525	12025
1527	12027
1530	12030
1536	12036
1542	12042
1544	12044
1547	12047
1551	12051
1560	12060
1562	12062
1566	12066
1574	12074
1575	12075
1576	12076
1578	12078
1579	12079
1585	12085
1587	12087
1588	12088
1591	12091
1592	12092
1593	12093
1598	12098
1600	12100
1604	12104
1605	12105
1608	12108
1609	12109
1611	12111
1613	12113
1615	12115
1616	12116
1619	12119
1622	12122
1623	12123
1625	12125
1630	12130
1632	12132
1635	12135
1638	12138
1643	12143
1644	12144
1646	12146
1651	12151
1656	12156
1660	12160
1664	12164
1669	12169
1674	12174
1682	12182
1683	12183
1685	12185
1686	12186
1688	12188
1692	12192
1693	12193
1701	12201
1706	12206
1707	12207
1711	12211
1713	12213
1718	12218
1719	12219
1723	12223
1730	12230
1737	12237
1742	12242
1746	12246
1755	12255
1756	12256
1763	12263
1765	12265
1766	12266
1773	12273
1777	12277
1781	12281
1785	12285
1796	12296
1798	12298
1799	12299
1803	12303
1809	12309
1820	12320
1824	12324
1827	12327
1833	12333
1839	12339
1840	12340
1841	12341
1843	12343
1847	12347
1854	12354
1856	12356
1861	12361
1863	12363
1869	12369
1871	12371
1872	12372
1873	12373
1883	12383
1888	12388
1892	12392
1896	12396
1899	12399
1905	12405
1906	12406
1908	12408
1912	12412
1914	12414
1918	12418
1919	12419
1934	12434
1935	12435
1937	12437
1939	12439
1942	12442
1943	12443
1944	12444
1951	12451
1953	12453
1954	12454
1955	12455
1961	12461
1962	12462
1966	12466
1967	12467
1970	12470
1977	12477
1978	12478
1985	12485
1986	12486
1988	12488
1990	12490
1992	12492
1994	12494
1997	12497
2007	12507
2009	12509
2010	12510
2016	12516
2022	12522
2025	12525
2030	12530
2034	12534
2037	12537
2040	12540
2042	12542
2043	12543
2051	12551
2053	12553
2054	12554
2057	12557
2058	12558
2064	12564
2068	12568
2069	12569
2082	12582
2084	12584
2088	12588
2091	12591
2092	12592
2099	12599
2100	12600
2102	12602
2105	12605
2122	12622
2125	12625
2130	12630
2131	12631
2134	12634
2136	12636
2137	12637
2141	12641
2144	12644
2148	12648
2153	12653
2154	12654
2156	12656
2159	12659
2160	12660
2161	12661
2162	12662
2165	12665
2168	12668
2170	12670
2177	12677
2180	12680
2181	12681
2182	12682
2183	12683
2191	12691
2197	12697
2199	12699
2203	12703
2206	12706
2207	12707
2213	12713
2217	12717
2222	12722
2228	12728
2229	12729
2230	12730
2231	12731
2235	12735
2237	12737
2244	12744
2245	12745
2247	12747
2250	12750
2261	12761
2266	12766
2270	12770
2276	12776
2279	12779
2280	12780
2281	12781
2283	12783
2284	12784
2292	12792
2293	12793
2295	12795
2296	12796
2300	12800
2302	12802
2304	12804
2305	12805
2307	12807
2316	12816
2318	12818
2320	12820
2331	12831
2336	12836
2340	12840
2342	12842
2343	12843
2345	12845
2349	12849
2355	12855
2361	12861
2363	12863
2364	12864
2369	12869
2371	12871
2377	12877
2382	12882
2389	12889
2391	12891
2394	12894
2398	12898
2400	12900
2404	12904
2413	12913
2415	12915
2419	12919
2424	12924
2425	12925
2426	12926
2427	12927
2434	12934
2436	12936
2437	12937
2441	12941
2444	12944
2446	12946
2447	12947
2453	12953
2455	12955
2458	12958
2459	12959
2463	12963
2465	12965
2467	12967
2469	12969
2476	12976
2478	12978
2481	12981
2490	12990
2495	12995
2496	12996
2502	13002
2503	13003
2506	13006
2508	13008
2512	13012
2521	13021
2525	13025
2528	13028
2529	13029
2530	13030
2531	13031
2532	13032
2534	13034
2537	13037
2543	13043
2544	13044
2546	13046
2550	13050
2554	13054
2567	13067
2568	13068
2572	13072
2573	13073
2578	13078
2585	13085
2586	13086
2587	13087
2590	13090
2591	13091
2595	13095
2597	13097
2598	13098
2601	13101
2602	13102
2605	13105
2607	13107
2609	13109
2617	13117
2621	13121
2622	13122
2624	13124
2627	13127
2631	13131
2646	13146
2651	13151
2656	13156
2658	13158
2662	13162
2663	13163
2666	13166
2667	13167
2670	13170
2674	13174
2675	13175
2679	13179
2690	13190
2692	13192
2693	13193
2695	13195
2699	13199
2701	13201
2704	13204
2705	13205
2711	13211
2716	13216
2717	13217
2719	13219
2724	13224
2729	13229
2732	13232
2735	13235
2738	13238
2739	13239
2741	13241
2742	13242
2751	13251
2755	13255
2759	13259
2760	13260
2772	13272
2774	13274
2776	13276
2778	13278
2784	13284
2789	13289
2791	13291
2793	13293
2795	13295
2796	13296
2798	13298
2810	13310
2812	13312
2820	13320
2824	13324
2825	13325
2826	13326
2829	13329
2830	13330
2834	13334
2836	13336
2843	13343
2845	13345
2846	13346
2849	13349
2854	13354
2859	13359
2864	13364
2865	13365
2866	13366
2870	13370
2873	13373
2874	13374
2878	13378
2881	13381
2882	13382
2886	13386
2901	13401
2910	13410
2911	13411
2916	13416
2918	13418
2921	13421
2922	13422
2924	13424
2925	13425
2927	13427
2928	13428
2929	13429
2934	13434
2936	13436
2938	13438
2945	13445
2946	13446
2952	13452
2959	13459
2964	13464
2968	13468
2972	13472
2974	13474
2977	13477
2984	13484
2986	13486
2991	13491
2993	13493
3001	13501
3002	13502
3005	13505
3006	13506
3010	13510
3011	13511
3012	13512
3013	13513
3014	13514
3016	13516
3020	13520
3030	13530
3032	13532
3033	13533
3034	13534
3048	13548
3053	13553
3054	13554
3056	13556
3057	13557
3071	13571
3074	13574
3075	13575
3077	13577
3078	13578
3079	13579
3082	13582
3083	13583
3091	13591
3093	13593
3095	13595
3096	13596
3103	13603
3108	13608
3112	13612
3124	13624
3129	13629
3135	13635
3138	13638
3139	13639
3148	13648
3149	13649
3150	13650
3163	13663
3174	13674
3180	13680
3185	13685
3186	13686
3191	13691
3194	13694
3200	13700
3202	13702
3204	13704
3206	13706
3214	13714
3224	13724
3225	13725
3228	13728
3232	13732
3235	13735
3238	13738
3243	13743
3252	13752
3257	13757
3263	13763
3264	13764
3271	13771
3274	13774
3284	13784
3286	13786
3291	13791
3298	13798
3299	13799
3305	13805
3310	13810
3313	13813
3314	13814
3318	13818
3320	13820
3322	13822
3324	13824
3326	13826
3327	13827
3335	13835
3338	13838
3339	13839
3340	13840
3343	13843
3344	13844
3348	13848
3352	13852
3353	13853
3355	13855
3357	13857
3360	13860
3364	13864
3367	13867
3370	13870
3372	13872
3374	13874
3375	13875
3376	13876
3381	13881
3382	13882
3393	13893
3395	13895
3399	13899
3400	13900
3405	13905
3410	13910
3417	13917
3422	13922
3423	13923
3427	13927
3432	13932
3435	13935
3441	13941
3442	13942
3446	13946
3448	13948
3449	13949
3451	13951
3454	13954
3457	13957
3458	13958
3460	13960
3463	13963
3464	13964
3469	13969
3470	13970
3472	13972
3479	13979
3481	13981
3482	13982
3484	13984
3486	13986
3491	13991
3492	13992
3502	14002
3505	14005
3507	14007
3511	14011
3515	14015
3521	14021
3527	14027
3531	14031
3533	14033
3540	14040
3543	14043
3544	14044
3545	14045
3551	14051
3556	14056
3564	14064
3568	14068
3573	14073
3577	14077
3590	14090
3592	14092
3593	14093
3599	14099
3602	14102
3603	14103
3606	14106
3613	14113
3617	14117
3620	14120
3623	14123
3624	14124
3626	14126
3633	14133
3635	14135
3636	14136
3638	14138
3639	14139
3641	14141
3646	14146
3655	14155
3656	14156
3662	14162
3663	14163
3665	14165
3666	14166
3669	14169
3671	14171
3672	14172
3674	14174
3676	14176
3680	14180
3689	14189
3700	14200
3701	14201
3708	14208
3709	14209
3710	14210
3718	14218
3722	14222
3724	14224
3728	14228
3730	14230
3733	14233
3740	14240
3741	14241
3743	14243
3748	14248
3749	14249
3767	14267
3768	14268
3775	14275
3777	14277
3785	14285
3786	14286
3787	14287
3789	14289
3790	14290
3793	14293
3794	14294
3799	14299
3800	14300
3802	14302
3803	14303
3805	14305
3806	14306
3809	14309
3810	14310
3816	14316
3818	14318
3828	14328
3831	14331
3836	14336
3837	14337
3843	14343
3844	14344
3847	14347
3856	14356
3859	14359
3861	14361
3868	14368
3878	14378
3879	14379
3885	14385
3887	14387
3897	14397
3900	14400
3902	14402
3911	14411
3914	14414
3915	14415
3918	14418
3919	14419
3926	14426
3932	14432
3933	14433
3945	14445
3949	14449
3954	14454
3960	14460
3965	14465
3967	14467
3975	14475
3984	14484
3986	14486
3988	14488
3990	14490
3992	14492
3995	14495
3998	14498
4001	14501
4006	14506
4008	14508
4010	14510
4013	14513
4014	14514
4017	14517
4019	14519
4020	14520
4022	14522
4027	14527
4030	14530
4035	14535
4036	14536
4038	14538
4045	14545
4048	14548
4050	14550
4056	14556
4057	14557
4061	14561
4065	14565
4068	14568
4070	14570
4076	14576
4077	14577
4078	14578
4079	14579
4081	14581
4086	14586
4090	14590
4093	14593
4095	14595
4101	14601
4110	14610
4111	14611
4116	14616
4123	14623
4127	14627
4133	14633
4136	14636
4138	14638
4144	14644
4145	14645
4146	14646
4149	14649
4154	14654
4155	14655
4156	14656
4161	14661
4170	14670
4173	14673
4174	14674
4175	14675
4180	14680
4181	14681
4182	14682
4183	14683
4186	14686
4189	14689
4201	14701
4202	14702
4204	14704
4208	14708
4214	14714
4216	14716
4217	14717
4221	14721
4222	14722
4227	14727
4229	14729
4231	14731
4235	14735
4243	14743
4248	14748
4252	14752
4259	14759
4261	14761
4264	14764
4265	14765
4287	14787
4290	14790
4292	14792
4294	14794
4299	14799
4303	14803
4305	14805
4307	14807
4308	14808
4317	14817
4320	14820
4322	14822
4323	14823
4324	14824
4325	14825
4333	14833
4348	14848
4349	14849
4351	14851
4358	14858
4363	14863
4366	14866
4372	14872
4379	14879
4382	14882
4386	14886
4392	14892
4397	14897
4400	14900
4402	14902
4404	14904
4405	14905
4415	14915
4424	14924
4425	14925
4426	14926
4430	14930
4436	14936
4439	14939
4440	14940
4442	14942
4445	14945
4446	14946
4449	14949
4452	14952
4453	14953
4455	14955
4461	14961
4471	14971
4474	14974
4475	14975
4481	14981
4483	14983
4484	14984
4492	14992
4493	14993
4495	14995
4501	15001
4502	15002
4503	15003
4509	15009
4524	15024
4531	15031
4536	15036
4540	15040
4541	15041
4547	15047
4549	15049
4558	15058
4560	15060
4568	15068
4571	15071
4572	15072
4573	15073
4578	15078
4579	15079
4580	15080
4586	15086
4587	15087
4592	15092
4594	15094
4595	15095
4596	15096
4597	15097
4600	15100
4601	15101
4602	15102
4608	15108
4609	15109
4612	15112
4626	15126
4628	15128
4631	15131
4635	15135
4645	15145
4650	15150
4655	15155
4656	15156
4663	15163
4664	15164
4665	15165
4668	15168
4670	15170
4672	15172
4673	15173
4681	15181
4682	15182
4685	15185
4711	15211
4712	15212
4716	15216
4719	15219
4721	15221
4723	15223
4724	15224
4726	15226
4729	15229
4735	15235
4738	15238
4739	15239
4742	15242
4745	15245
4748	15248
4754	15254
4756	15256
4759	15259
4762	15262
4764	15264
4774	15274
4775	15275
4776	15276
4779	15279
4780	15280
4786	15286
4789	15289
4802	15302
4807	15307
4808	15308
4814	15314
4822	15322
4828	15328
4830	15330
4833	15333
4835	15335
4836	15336
4840	15340
4845	15345
4848	15348
4852	15352
4853	15353
4858	15358
4860	15360
4863	15363
4864	15364
4870	15370
4874	15374
4877	15377
4879	15379
4880	15380
4884	15384
4889	15389
4894	15394
4895	15395
4897	15397
4898	15398
4902	15402
4903	15403
4911	15411
4913	15413
4915	15415
4916	15416
4920	15420
4928	15428
4936	15436
4940	15440
4941	15441
4947	15447
4948	15448
4950	15450
4954	15454
4970	15470
4973	15473
4974	15474
4975	15475
4979	15479
4981	15481
4982	15482
4987	15487
4990	15490
4993	15493
4994	15494
4999	15499
5002	15502
5003	15503
5004	15504
5011	15511
5013	15513
5014	15514
5017	15517
5019	15519
5030	15530
5034	15534
5035	15535
5045	15545
5047	15547
5056	15556
5057	15557
5060	15560
5072	15572
5074	15574
5079	15579
5084	15584
5092	15592
5093	15593
5096	15596
5098	15598
5099	15599
5100	15600
5102	15602
5104	15604
5109	15609
5111	15611
5115	15615
5116	15616
5120	15620
5121	15621
5122	15622
5123	15623
5132	15632
5135	15635
5139	15639
5143	15643
5146	15646
5149	15649
5152	15652
5154	15654
5158	15658
5163	15663
5165	15665
5166	15666
5172	15672
5175	15675
5181	15681
5183	15683
5195	15695
5197	15697
5201	15701
5202	15702
5208	15708
5210	15710
5212	15712
5216	15716
5218	15718
5220	15720
5221	15721
5223	15723
5225	15725
5226	15726
5230	15730
5233	15733
5236	15736
5238	15738
5240	15740
5241	15741
5256	15756
5258	15758
5260	15760
5262	15762
5265	15765
5266	15766
5268	15768
5270	15770
5272	15772
5278	15778
5282	15782
5283	15783
5285	15785
5295	15795
5301	15801
5305	15805
5311	15811
5314	15814
5319	15819
5320	15820
5322	15822
5325	15825
5327	15827
5328	15828
5333	15833
5334	15834
5336	15836
5337	15837
5345	15845
5347	15847
5348	15848
5353	15853
5355	15855
5363	15863
5369	15869
5371	15871
5373	15873
5375	15875
5379	15879
5381	15881
5382	15882
5384	15884
5387	15887
5394	15894
5395	15895
5399	15899
5404	15904
5406	15906
5410	15910
5413	15913
5416	15916
5419	15919
5421	15921
5422	15922
5423	15923
5425	15925
5427	15927
5428	15928
5435	15935
5436	15936
5437	15937
5442	15942
5448	15948
5452	15952
5456	15956
5461	15961
5462	15962
5470	15970
5471	15971
5477	15977
5484	15984
5486	15986
5489	15989
5491	15991
5493	15993
5494	15994
5502	16002
5507	16007
5520	16020
5525	16025
5527	16027
5532	16032
5533	16033
5536	16036
5538	16038
5539	16039
5542	16042
5545	16045
5551	16051
5559	16059
5566	16066
5568	16068
5569	16069
5570	16070
5571	16071
5572	16072
5577	16077
5581	16081
5585	16085
5587	16087
5590	16090
5591	16091
5598	16098
5600	16100
5604	16104
5605	16105
5611	16111
5614	16114
5615	16115
5617	16117
5625	16125
5627	16127
5635	16135
5637	16137
5639	16139
5640	16140
5645	16145
5646	16146
5648	16148
5651	16151
5652	16152
5658	16158
5661	16161
5666	16166
5668	16168
5673	16173
5675	16175
5678	16178
5680	16180
5705	16205
5706	16206
5707	16207
5715	16215
5716	16216
5717	16217
5719	16219
5720	16220
5726	16226
5732	16232
5734	16234
5736	16236
5738	16238
5742	16242
5751	16251
5755	16255
5756	16256
5757	16257
5765	16265
5770	16270
5771	16271
5777	16277
5779	16279
5783	16283
5787	16287
5791	16291
5797	16297
5800	16300
5805	16305
5811	16311
5825	16325
5836	16336
5837	16337
5838	16338
5842	16342
5855	16355
5858	16358
5863	16363
5867	16367
5868	16368
5869	16369
5871	16371
5873	16373
5875	16375
5877	16377
5882	16382
5883	16383
5886	16386
5890	16390
5893	16393
5894	16394
5895	16395
5897	16397
5898	16398
5907	16407
5910	16410
5919	16419
5920	16420
5921	16421
5924	16424
5938	16438
5947	16447
5948	16448
5954	16454
5955	16455
5957	16457
5960	16460
5966	16466
5968	16468
5971	16471
5976	16476
5977	16477
5978	16478
5989	16489
5990	16490
6002	16502
6003	16503
6015	16515
6017	16517
6018	16518
6022	16522
6031	16531
6032	16532
6034	16534
6035	16535
6037	16537
6045	16545
6049	16549
6054	16554
6055	16555
6059	16559
6068	16568
6071	16571
6072	16572
6077	16577
6078	16578
6086	16586
6093	16593
6102	16602
6104	16604
6108	16608
6110	16610
6113	16613
6116	16616
6124	16624
6126	16626
6127	16627
6129	16629
6134	16634
6137	16637
6145	16645
6149	16649
6155	16655
6163	16663
6164	16664
6167	16667
6169	16669
6172	16672
6178	16678
6179	16679
6182	16682
6183	16683
6185	16685
6187	16687
6206	16706
6210	16710
6213	16713
6217	16717
6218	16718
6219	16719
6223	16723
6224	16724
6240	16740
6241	16741
6246	16746
6249	16749
6251	16751
6253	16753
6255	16755
6258	16758
6259	16759
6264	16764
6268	16768
6270	16770
6274	16774
6278	16778
6284	16784
6285	16785
6293	16793
6303	16803
6304	16804
6310	16810
6312	16812
6313	16813
6316	16816
6320	16820
6321	16821
6325	16825
6326	16826
6347	16847
6349	16849
6356	16856
6358	16858
6363	16863
6367	16867
6369	16869
6371	16871
6372	16872
6376	16876
6377	16877
6379	16879
6392	16892
6403	16903
6413	16913
6424	16924
6427	16927
6429	16929
6434	16934
6438	16938
6439	16939
6440	16940
6441	16941
6445	16945
6450	16950
6451	16951
6454	16954
6460	16960
6463	16963
6465	16965
6467	16967
6472	16972
6477	16977
6482	16982
6484	16984
6486	16986
6495	16995
6497	16997
6506	17006
6508	17008
6515	17015
6521	17021
6526	17026
6531	17031
6533	17033
6535	17035
6540	17040
6541	17041
6542	17042
6543	17043
6546	17046
6548	17048
6550	17050
6566	17066
6567	17067
6568	17068
6573	17073
6574	17074
6577	17077
6578	17078
6580	17080
6584	17084
6585	17085
6591	17091
6593	17093
6596	17096
6600	17100
6605	17105
6608	17108
6613	17113
6615	17115
6619	17119
6632	17132
6639	17139
6647	17147
6666	17166
6669	17169
6674	17174
6675	17175
6676	17176
6689	17189
6690	17190
6691	17191
6692	17192
6700	17200
6708	17208
6711	17211
6717	17217
6720	17220
6721	17221
6723	17223
6735	17235
6736	17236
6741	17241
6742	17242
6744	17244
6749	17249
6758	17258
6762	17262
6774	17274
6779	17279
6780	17280
6783	17283
6789	17289
6790	17290
6791	17291
6794	17294
6795	17295
6798	17298
6802	17302
6805	17305
6806	17306
6814	17314
6815	17315
6817	17317
6819	17319
6823	17323
6841	17341
6843	17343
6844	17344
6846	17346
6847	17347
6857	17357
6858	17358
6867	17367
6871	17371
6872	17372
6873	17373
6874	17374
6875	17375
6881	17381
6887	17387
6888	17388
6891	17391
6892	17392
6893	17393
6896	17396
6897	17397
6898	17398
6899	17399
6901	17401
6903	17403
6904	17404
6906	17406
6908	17408
6912	17412
6917	17417
6918	17418
6920	17420
6924	17424
6926	17426
6927	17427
6929	17429
6932	17432
6933	17433
6942	17442
6945	17445
6946	17446
6949	17449
6950	17450
6951	17451
6955	17455
6959	17459
6961	17461
6963	17463
6967	17467
6969	17469
6972	17472
6985	17485
6995	17495
6999	17499
7001	17501
7002	17502
7005	17505
7010	17510
7020	17520
7021	17521
7023	17523
7025	17525
7035	17535
7036	17536
7037	17537
7040	17540
7048	17548
7049	17549
7053	17553
7055	17555
7056	17556
7057	17557
7062	17562
7063	17563
7065	17565
7073	17573
7077	17577
7078	17578
7081	17581
7088	17588
7089	17589
7096	17596
7102	17602
7103	17603
7106	17606
7112	17612
7115	17615
7116	17616
7121	17621
7122	17622
7125	17625
7128	17628
7130	17630
7132	17632
7142	17642
7145	17645
7148	17648
7154	17654
7158	17658
7159	17659
7167	17667
7173	17673
7179	17679
7182	17682
7189	17689
7193	17693
7195	17695
7198	17698
7205	17705
7207	17707
7215	17715
7219	17719
7226	17726
7227	17727
7230	17730
7234	17734
7235	17735
7239	17739
7242	17742
7248	17748
7250	17750
7252	17752
7253	17753
7256	17756
7257	17757
7259	17759
7262	17762
7264	17764
7269	17769
7271	17771
7274	17774
7277	17777
7281	17781
7288	17788
7293	17793
7294	17794
7297	17797
7299	17799
7300	17800
7304	17804
7305	17805
7307	17807
7310	17810
7311	17811
7319	17819
7327	17827
7329	17829
7331	17831
7333	17833
7343	17843
7349	17849
7350	17850
7352	17852
7355	17855
7371	17871
7375	17875
7378	17878
7380	17880
7382	17882
7387	17887
7395	17895
7396	17896
7399	17899
7402	17902
7408	17908
7413	17913
7425	17925
7426	17926
7434	17934
7436	17936
7439	17939
7443	17943
7445	17945
7448	17948
7449	17949
7452	17952
7460	17960
7471	17971
7472	17972
7474	17974
7475	17975
7479	17979
7488	17988
7494	17994
7501	18001
7505	18005
7508	18008
7517	18017
7519	18019
7523	18023
7528	18028
7530	18030
7532	18032
7534	18034
7540	18040
7543	18043
7544	18044
7549	18049
7550	18050
7552	18052
7554	18054
7563	18063
7564	18064
7571	18071
7572	18072
7574	18074
7575	18075
7576	18076
7579	18079
7587	18087
7589	18089
7590	18090
7598	18098
7599	18099
7607	18107
7609	18109
7616	18116
7618	18118
7619	18119
7622	18122
7625	18125
7626	18126
7629	18129
7630	18130
7642	18142
7644	18144
7645	18145
7651	18151
7655	18155
7659	18159
7665	18165
7667	18167
7668	18168
7670	18170
7673	18173
7677	18177
7678	18178
7681	18181
7683	18183
7685	18185
7689	18189
7692	18192
7693	18193
7695	18195
7698	18198
7699	18199
7701	18201
7702	18202
7705	18205
7709	18209
7714	18214
7716	18216
7722	18222
7723	18223
7730	18230
7734	18234
7735	18235
7742	18242
7743	18243
7746	18246
7748	18248
7755	18255
7760	18260
7762	18262
7763	18263
7766	18266
7767	18267
7768	18268
7769	18269
7776	18276
7779	18279
7781	18281
7786	18286
7795	18295
7796	18296
7797	18297
7800	18300
7801	18301
7803	18303
7804	18304
7806	18306
7808	18308
7815	18315
7823	18323
7828	18328
7837	18337
7841	18341
7845	18345
7846	18346
7847	18347
7850	18350
7852	18352
7853	18353
7863	18363
7866	18366
7868	18368
7869	18369
7872	18372
7873	18373
7894	18394
7899	18399
7902	18402
7907	18407
7911	18411
7912	18412
7915	18415
7920	18420
7923	18423
7925	18425
7929	18429
7940	18440
7941	18441
7942	18442
7945	18445
7948	18448
7950	18450
7953	18453
7956	18456
7958	18458
7970	18470
7971	18471
7979	18479
7986	18486
7989	18489
7992	18492
7997	18497
7998	18498
8000	18500
8005	18505
8006	18506
8010	18510
8014	18514
8019	18519
8027	18527
8032	18532
8034	18534
8036	18536
8039	18539
8043	18543
8051	18551
8054	18554
8059	18559
8061	18561
8062	18562
8063	18563
8070	18570
8071	18571
8076	18576
8078	18578
8083	18583
8084	18584
8086	18586
8088	18588
8089	18589
8095	18595
8098	18598
8110	18610
8116	18616
8119	18619
8120	18620
8121	18621
8123	18623
8125	18625
8128	18628
8130	18630
8131	18631
8133	18633
8143	18643
8145	18645
8147	18647
8149	18649
8150	18650
8154	18654
8159	18659
8163	18663
8165	18665
8169	18669
8175	18675
8181	18681
8184	18684
8185	18685
8191	18691
8202	18702
8203	18703
8205	18705
8206	18706
8208	18708
8209	18709
8210	18710
8215	18715
8219	18719
8230	18730
8231	18731
8232	18732
8234	18734
8237	18737
8238	18738
8241	18741
8245	18745
8246	18746
8247	18747
8249	18749
8254	18754
8261	18761
8266	18766
8269	18769
8276	18776
8285	18785
8286	18786
8289	18789
8290	18790
8295	18795
8300	18800
8301	18801
8302	18802
8303	18803
8306	18806
8317	18817
8324	18824
8325	18825
8329	18829
8336	18836
8344	18844
8355	18855
8357	18857
8359	18859
8361	18861
8363	18863
8365	18865
8367	18867
8369	18869
8371	18871
8374	18874
8386	18886
8387	18887
8390	18890
8394	18894
8398	18898
8401	18901
8402	18902
8405	18905
8406	18906
8410	18910
8411	18911
8412	18912
8422	18922
8424	18924
8425	18925
8426	18926
8427	18927
8434	18934
8439	18939
8445	18945
8450	18950
8451	18951
8452	18952
8455	18955
8456	18956
8461	18961
8467	18967
8471	18971
8480	18980
8481	18981
8482	18982
8483	18983
8491	18991
8497	18997
8500	19000
8501	19001
8504	19004
8506	19006
8511	19011
8525	19025
8529	19029
8531	19031
8533	19033
8538	19038
8540	19040
8543	19043
8546	19046
8549	19049
8557	19057
8561	19061
8562	19062
8563	19063
8565	19065
8568	19068
8569	19069
8577	19077
8586	19086
8594	19094
8599	19099
8600	19100
8608	19108
8609	19109
8617	19117
8618	19118
8626	19126
8631	19131
8633	19133
8652	19152
8657	19157
8658	19158
8659	19159
8660	19160
8662	19162
8669	19169
8671	19171
8673	19173
8674	19174
8678	19178
8682	19182
8685	19185
8687	19187
8688	19188
8694	19194
8697	19197
8699	19199
8702	19202
8707	19207
8708	19208
8709	19209
8711	19211
8722	19222
8726	19226
8728	19228
8732	19232
8735	19235
8740	19240
8747	19247
8749	19249
8756	19256
8758	19258
8759	19259
8765	19265
8766	19266
8770	19270
8786	19286
8787	19287
8792	19292
8801	19301
8808	19308
8810	19310
8811	19311
8820	19320
8824	19324
8828	19328
8832	19332
8838	19338
8849	19349
8852	19352
8853	19353
8859	19359
8861	19361
8862	19362
8868	19368
8869	19369
8874	19374
8876	19376
8880	19380
8882	19382
8883	19383
8884	19384
8889	19389
8892	19392
8896	19396
8906	19406
8911	19411
8920	19420
8936	19436
8937	19437
8941	19441
8946	19446
8951	19451
8952	19452
8953	19453
8954	19454
8956	19456
8960	19460
8961	19461
8962	19462
8963	19463
8964	19464
8965	19465
8966	19466
8971	19471
8977	19477
8979	19479
8984	19484
8992	19492
8995	19495
8996	19496
9001	19501
9005	19505
9009	19509
9011	19511
9016	19516
9018	19518
9020	19520
9021	19521
9026	19526
9027	19527
9036	19536
9044	19544
9045	19545
9058	19558
9059	19559
9060	19560
9063	19563
9067	19567
9074	19574
9076	19576
9081	19581
9082	19582
9083	19583
9085	19585
9099	19599
9102	19602
9112	19612
9114	19614
9118	19618
9119	19619
9120	19620
9131	19631
9136	19636
9142	19642
9144	19644
9147	19647
9148	19648
9151	19651
9153	19653
9155	19655
9157	19657
9161	19661
9162	19662
9167	19667
9168	19668
9169	19669
9170	19670
9171	19671
9175	19675
9177	19677
9188	19688
9189	19689
9190	19690
9198	19698
9203	19703
9209	19709
9216	19716
9217	19717
9218	19718
9220	19720
9221	19721
9222	19722
9225	19725
9228	19728
9232	19732
9233	19733
9236	19736
9242	19742
9243	19743
9246	19746
9251	19751
9253	19753
9254	19754
9256	19756
9257	19757
9265	19765
9270	19770
9275	19775
9277	19777
9284	19784
9285	19785
9288	19788
9295	19795
9299	19799
9300	19800
9303	19803
9310	19810
9316	19816
9321	19821
9324	19824
9341	19841
9344	19844
9346	19846
9355	19855
9357	19857
9358	19858
9368	19868
9371	19871
9373	19873
9376	19876
9377	19877
9383	19883
9384	19884
9394	19894
9398	19898
9401	19901
9408	19908
9409	19909
9414	19914
9420	19920
9421	19921
9422	19922
9425	19925
9427	19927
9430	19930
9437	19937
9444	19944
9448	19948
9449	19949
9454	19954
9460	19960
9462	19962
9463	19963
9464	19964
9468	19968
9469	19969
9470	19970
9472	19972
9478	19978
9480	19980
9481	19981
9490	19990
9494	19994
9497	19997
9498	19998
9499	19999
9500	20000
9502	20002
9503	20003
9518	20018
9521	20021
9522	20022
9525	20025
9527	20027
9528	20028
9529	20029
9531	20031
9532	20032
9533	20033
9535	20035
9536	20036
9540	20040
9549	20049
9562	20062
9569	20069
9571	20071
9573	20073
9580	20080
9581	20081
9583	20083
9590	20090
9596	20096
9597	20097
9598	20098
9601	20101
9605	20105
9612	20112
9614	20114
9616	20116
9618	20118
9619	20119
9620	20120
9621	20121
9635	20135
9641	20141
9643	20143
9650	20150
9652	20152
9655	20155
9679	20179
9681	20181
9685	20185
9686	20186
9690	20190
9692	20192
9695	20195
9698	20198
9700	20200
9702	20202
9704	20204
9706	20206
9712	20212
9714	20214
9718	20218
9719	20219
9722	20222
9725	20225
9726	20226
9735	20235
9740	20240
9753	20253
9756	20256
9759	20259
9765	20265
9768	20268
9771	20271
9775	20275
9779	20279
9780	20280
9789	20289
9791	20291
9800	20300
9802	20302
9805	20305
9808	20308
9811	20311
9818	20318
9822	20322
9825	20325
9831	20331
9833	20333
9836	20336
9837	20337
9839	20339
9840	20340
9851	20351
9854	20354
9855	20355
9862	20362
9866	20366
9870	20370
9871	20371
9878	20378
9880	20380
9881	20381
9882	20382
9891	20391
9892	20392
9895	20395
9901	20401
9903	20403
9907	20407
9910	20410
9914	20414
9916	20416
9917	20417
9919	20419
9922	20422
9923	20423
9924	20424
9925	20425
9927	20427
9946	20446
9951	20451
9956	20456
9961	20461
9963	20463
9967	20467
9968	20468
9970	20470
9971	20471
9979	20479
9992	20492
9993	20493
9996	20496
9999	20499
10000	20500
10002	20502
10004	20504
10006	20506
10007	20507
10011	20511
10014	20514
10016	20516
10035	20535
10036	20536
10037	20537
10041	20541
10043	20543
10044	20544
10050	20550
10056	20556
10057	20557
10058	20558
10059	20559
10061	20561
10071	20571
10080	20580
10083	20583
10085	20585
10086	20586
10089	20589
10090	20590
10092	20592
10095	20595
10097	20597
10099	20599
10100	20600
10106	20606
10109	20609
10114	20614
10115	20615
10118	20618
10119	20619
10130	20630
10132	20632
10133	20633
10134	20634
10135	20635
10142	20642
10143	20643
10149	20649
10155	20655
10157	20657
10160	20660
10162	20662
10166	20666
10168	20668
10169	20669
10177	20677
10181	20681
10182	20682
10190	20690
10193	20693
10197	20697
10204	20704
10208	20708
10213	20713
10214	20714
10217	20717
10218	20718
10222	20722
10227	20727
10232	20732
10239	20739
10247	20747
10248	20748
10251	20751
10259	20759
10266	20766
10271	20771
10274	20774
10276	20776
10277	20777
10282	20782
10284	20784
10285	20785
10293	20793
10298	20798
10299	20799
10300	20800
10306	20806
10310	20810
10319	20819
10323	20823
10324	20824
10326	20826
10327	20827
10328	20828
10340	20840
10343	20843
10345	20845
10347	20847
10350	20850
10353	20853
10361	20861
10362	20862
10367	20867
10368	20868
10373	20873
10374	20874
10379	20879
10381	20881
10386	20886
10395	20895
10404	20904
10413	20913
10418	20918
10420	20920
10423	20923
10434	20934
10442	20942
10443	20943
10444	20944
10445	20945
10446	20946
10448	20948
10450	20950
10451	20951
10452	20952
10454	20954
10456	20956
10458	20958
10461	20961
10463	20963
10464	20964
10471	20971
10473	20973
10478	20978
10479	20979
10480	20980
10482	20982
10491	20991
10493	20993
24980	34461
25338	34469
24826	34470
24770	34472
24968	34475
24157	34476
22008	34478
21737	34480
23234	34484
21362	34488
22003	34491
23369	34495
21064	34496
23475	34511
24103	34512
24078	34520
22688	34521
22127	34522
23029	34524
22197	34527
22051	34528
21177	34532
23233	34533
22286	34534
21433	34535
22537	34536
23325	34544
25483	34554
22751	34561
21093	34565
21536	34573
25206	34602
22090	34607
22934	34615
21469	34616
25408	34619
22291	34621
24746	34622
24448	34625
25031	34629
23245	34646
24531	34647
23950	34652
21781	34655
25209	34657
21237	34659
22217	34671
24043	34672
21392	34674
23543	34684
21995	34686
22531	34693
23977	34694
24687	34698
22559	34703
24108	34708
21830	34709
22810	34715
22013	34717
24739	34725
24897	34726
24856	34728
23725	34733
22573	34734
22238	34735
24464	34737
22471	34743
21038	34746
21361	34752
25420	34753
21089	34756
21311	34757
21110	34761
22843	34764
24308	34765
21655	34773
21448	34774
23498	34778
21283	34782
24153	34784
23796	34789
22935	34792
21847	34796
23871	34797
24972	34799
25137	34800
22130	34805
22773	34807
23531	34810
24576	34811
24992	34812
21173	34815
21656	34817
24484	34821
21931	34826
25266	34827
24189	34830
22451	34833
22842	34839
25155	34847
21897	34849
23585	34859
21637	34866
25331	34868
21059	34870
24991	34874
24146	34875
23819	34876
23054	34878
22554	34881
24768	34882
23698	34885
22263	34891
24292	34893
21636	34895
24392	34896
22443	34897
22211	34901
24132	34914
22308	34917
22908	34927
24151	34931
23486	34940
25054	34941
22348	34942
22428	34944
25175	34947
24519	34952
23624	34956
22803	34957
21120	34967
22524	34971
23208	34973
25036	34980
21323	34989
23613	34990
23958	34995
22385	34997
23657	34998
24118	35002
22339	35003
22964	35008
21338	35010
21301	35011
22255	35014
25363	35018
24373	35025
22786	35032
25461	35035
24957	35037
23896	35038
23743	35044
24555	35045
21612	35053
21877	35055
22539	35056
21955	35057
21791	35060
24831	35064
24056	35065
21204	35067
24324	35070
22514	35076
24929	35077
23299	35080
25102	35083
22538	35084
25042	35085
22676	35090
24206	35094
23636	35096
21811	35097
22014	35099
22362	35100
23236	35109
25418	35112
22439	35116
23773	35119
22252	35123
25057	35131
21025	35133
23210	35135
24459	35139
21666	35143
22491	35146
22080	35148
22779	35149
24965	35152
23983	35163
21767	35167
21027	35175
25148	35185
21452	35189
24750	35205
23719	35209
24140	35210
23852	35211
22562	35212
22821	35224
21096	35225
24758	35232
25158	35239
24530	35240
21380	35242
25343	35244
23381	35247
21822	35248
25114	35250
24684	35258
22461	35260
22453	35262
23278	35264
21684	35266
25397	35285
25407	35289
23586	35290
24393	35301
25080	35307
21738	35311
23925	35314
22912	35317
24593	35324
24662	35325
25317	35331
22710	35332
21522	35336
21408	35337
22116	35338
21959	35340
21841	35342
24888	35346
22801	35353
21721	35355
24021	35366
24641	35367
23960	35383
25306	35386
25217	35387
21835	35391
23529	35393
24277	35400
21412	35403
21909	35404
24428	35407
21773	35408
21662	35409
24806	35410
25078	35411
22427	35412
23574	35421
25222	35430
23382	35433
24080	35438
25099	35441
22303	35444
21660	35446
21769	35449
24917	35453
24528	35454
21783	35460
23464	35462
22047	35466
22895	35473
23076	35475
23644	35478
22505	35481
21244	35485
24467	35486
21974	35490
23757	35493
24482	35496
25481	35500
22359	35503
21119	35507
23481	35508
23902	35517
22105	35520
25422	35522
22304	35527
24304	35530
22640	35531
23451	35541
23447	35545
23175	35546
25436	35547
24561	35552
23658	35555
21792	35556
25421	35558
24874	35562
24718	35567
22458	35571
21735	35573
23965	35577
21480	35580
24168	35581
23793	35584
25093	35586
23517	35587
22417	35590
21266	35592
21886	35595
21130	35599
25165	35602
23594	35606
23276	35612
21594	35615
22301	35620
21049	35622
24668	35623
24388	35637
21295	35642
22271	35643
22753	35646
21794	35651
25064	35653
23571	35659
25094	35665
21145	35668
22904	35672
24279	35675
25133	35676
23677	35680
22068	35684
24744	35688
22526	35691
21764	35694
21588	35697
22204	35711
24735	35714
22629	35716
24262	35736
22744	35744
21730	35746
21306	35748
22891	35749
24872	35751
25105	35753
21766	35755
24152	35759
23652	35763
22571	35769
25324	35773
21961	35783
24194	35787
24983	35790
22485	35791
23378	35795
24498	35803
22265	35807
22154	35816
23184	35818
21954	35822
21088	35829
21157	35832
23756	35844
21141	35853
21017	35861
24596	35862
22361	35863
21431	35864
25251	35865
21567	35873
21555	35874
21302	35875
23098	35879
21687	35882
24829	35883
21215	35890
24110	35896
23071	35898
24409	35901
25307	35903
24475	35904
23634	35908
22404	35909
24281	35917
24317	35921
23163	35922
24163	35924
21695	35926
23747	35927
21304	35936
22888	35937
21191	35943
23794	35944
22985	35946
22120	35953
25118	35954
24068	35957
23521	35959
22368	35962
22675	35972
23411	35973
21564	35976
21685	35980
24660	35981
25147	35983
23687	35986
21914	35987
24839	35988
23260	35990
23534	35991
21884	35998
22794	36004
22337	36008
21837	36012
24066	36016
25253	36020
24679	36022
24217	36025
23034	36026
24715	36028
21450	36030
21606	36031
21351	36033
21475	36035
22999	36039
23979	36042
22621	36049
23165	36052
24276	36058
24551	36059
22004	36062
21682	36069
25254	36070
21902	36071
23100	36074
24018	36078
25359	36087
23120	36092
22728	36093
24646	36102
25249	36106
25218	36107
24663	36124
21262	36125
22045	36127
24084	36128
23297	36130
22273	36134
22132	36138
24407	36140
25357	36143
22002	36144
23621	36150
23012	36151
23841	36155
24710	36156
24394	36164
25334	36168
22980	36169
24346	36170
24385	36171
24225	36172
24995	36174
24082	36177
21190	36179
21417	36180
23494	36181
24674	36186
25475	36189
22151	36193
22765	36198
25432	36201
23263	36202
21971	36203
22917	36207
24248	36208
24610	36210
21752	36215
24903	36216
21928	36218
22840	36229
22645	36231
21603	36234
22298	36237
23891	36238
22637	36239
23691	36241
21036	36242
24523	36255
23227	36257
25398	36258
25012	36260
22508	36266
23929	36269
22838	36278
24199	36279
24994	36285
21137	36288
21401	36292
21813	36297
22673	36305
21697	36306
21609	36308
21948	36309
21018	36312
21257	36313
25134	36317
23686	36329
23781	36334
22468	36340
23969	36342
25473	36356
22489	36358
25315	36360
24169	36361
21627	36362
22886	36365
21672	36368
24880	36371
21653	36373
23268	36377
24767	36380
21350	36389
21526	36390
22172	36392
22342	36394
24922	36395
24702	36399
24667	36404
21050	36406
23063	36410
24057	36411
24326	36415
23948	36423
23809	36424
22011	36427
22919	36433
23159	36437
24799	36439
21341	36440
22814	36443
21393	36444
25193	36445
21652	36446
23022	36448
25448	36451
24606	36460
21702	36465
23004	36474
24928	36481
24782	36484
21703	36485
21459	36495
21834	36502
23257	36505
22076	36513
24109	36515
23610	36516
22233	36519
21705	36521
24911	36524
21857	36528
23458	36530
24537	36532
24316	36535
24020	36539
24822	36542
23007	36545
23032	36546
23828	36547
23099	36554
24305	36555
22996	36557
21922	36563
24559	36564
22582	36566
21638	36569
21658	36570
23541	36571
21639	36582
23295	36588
22509	36590
24650	36592
23142	36598
23307	36601
21331	36604
23342	36612
24784	36614
21891	36615
25196	36616
22259	36621
23846	36623
24608	36633
25370	36635
22476	36637
25255	36638
24005	36639
23360	36642
23198	36646
24509	36648
21477	36649
21487	36653
21818	36655
24418	36664
24599	36667
25181	36673
22772	36675
21676	36685
23266	36686
21367	36688
21732	36689
22804	36692
24810	36694
24742	36698
21528	36699
24014	36700
22797	36701
22118	36704
23540	36710
21090	36713
21875	36714
23457	36718
22543	36727
21021	36728
23075	36739
23528	36742
22987	36744
21013	36747
21733	36748
24480	36755
22846	36758
24925	36767
21761	36773
23364	36775
25138	36780
22616	36782
24350	36785
22715	36788
23676	36791
24659	36802
22763	36805
24250	36807
25238	36808
24101	36809
25291	36810
22802	36833
24642	36840
24458	36845
23441	36849
24452	36855
23944	36864
22680	36867
23302	36868
22907	36870
23134	36871
21222	36874
24764	36875
25434	36876
24268	36878
23020	36880
24714	36882
22627	36884
21509	36894
23954	36901
22546	36912
22091	36923
21521	36924
25108	36925
23202	36927
24380	36930
24708	36933
21865	36936
23180	36938
23647	36939
24003	36949
24058	36956
25263	36960
21077	36961
22173	36962
25393	36963
21848	36967
22318	36970
23340	36978
25227	36979
23844	36980
24218	36981
21538	36984
25484	36986
23021	36987
24288	36989
23728	36991
24885	36993
24278	36995
25186	37003
22475	37006
22824	37007
24707	37009
24201	37012
22739	37019
25294	37021
25191	37023
23300	37031
24675	37032
23047	37038
23623	37044
22574	37046
24692	37047
23298	37048
23568	37053
21491	37055
21240	37057
24052	37060
21970	37065
23848	37067
23407	37073
24164	37074
22693	37076
24325	37078
22415	37080
21411	37082
23611	37087
22708	37090
22560	37091
22953	37092
21554	37100
22267	37106
24097	37108
21220	37109
21278	37115
23700	37120
24883	37126
21172	37127
23823	37130
22445	37134
22324	37141
21587	37152
24355	37156
22795	37180
21969	37188
21319	37189
24536	37192
22464	37193
22122	37201
25201	37202
22473	37203
25226	37205
21663	37206
24007	37208
21317	37209
21524	37211
24787	37214
24923	37219
22400	37225
22679	37232
23177	37235
21031	37244
21378	37252
24793	37256
24087	37261
21912	37263
23123	37271
21085	37273
22182	37275
21724	37276
21599	37277
23292	37278
24602	37281
21187	37286
22943	37292
24736	37296
21287	37300
22213	37301
21020	37304
22990	37310
21402	37318
24564	37319
21414	37322
25366	37325
22588	37331
23790	37332
24236	37333
21041	37336
23296	37341
24398	37343
22974	37352
24624	37358
24344	37360
25146	37361
21404	37368
23485	37377
23252	37380
24111	37381
22768	37382
23152	37384
23670	37386
25109	37391
23454	37398
21541	37402
22963	37406
23240	37407
24657	37412
24414	37424
22416	37432
23256	37434
22567	37435
21803	37436
22682	37456
25401	37465
21500	37466
21489	37471
22785	37475
21275	37476
23721	37477
22766	37482
25225	37491
23882	37494
21356	37496
25430	37504
24401	37506
23273	37512
23231	37514
24216	37523
22654	37524
25027	37527
23164	37532
24158	37540
23270	37547
21340	37548
24575	37557
23449	37560
22369	37563
23226	37565
21224	37566
22121	37567
23423	37577
22210	37578
23817	37579
24389	37583
25442	37585
25362	37586
21252	37589
21293	37591
25474	37595
22447	37598
23220	37611
22133	37615
23370	37619
22760	37626
25116	37627
23375	37632
23900	37641
25117	37646
23101	37657
25247	37661
24818	37667
22503	37673
25337	37680
25122	37682
24655	37684
25496	37689
24358	37698
23046	37699
22844	37700
21111	37701
24049	37702
22028	37709
22418	37716
22027	37717
21472	37721
22082	37733
22383	37735
24041	37740
24807	37743
24117	37764
22995	37765
24139	37767
23067	37783
21171	37786
24850	37790
25414	37804
22056	37808
22553	37809
21692	37812
22580	37820
23777	37833
22115	37836
23910	37839
25452	37842
22160	37843
21889	37845
21642	37846
22597	37847
22632	37850
23712	37851
22709	37854
22192	37856
24920	37858
25283	37859
21310	37866
24245	37868
23154	37873
24504	37880
21078	37882
24676	37883
21871	37884
23821	37891
21040	37894
25495	37901
23606	37902
22113	37905
21719	37909
25383	37912
23853	37916
23358	37917
22829	37919
22419	37920
24752	37926
25075	37929
24204	37939
25153	37941
21198	37943
23380	37945
21505	37950
24029	37951
21601	37956
25129	37957
21478	37958
24622	37961
21512	37964
23732	37980
23734	37981
21621	37988
22609	37990
24121	37991
24977	37992
21194	37995
23286	37996
24658	37999
22970	38002
21631	38015
22741	38017
21146	38020
21527	38024
23705	38025
24804	38035
22761	38037
22566	38039
24369	38044
22750	38051
24224	38053
22800	38054
24026	38060
22449	38061
25004	38063
23363	38068
23937	38072
22426	38073
24955	38076
24896	38078
25197	38079
23062	38085
21246	38091
21903	38096
22422	38098
23857	38107
24351	38108
21162	38114
25014	38115
21435	38116
22374	38117
21188	38123
21566	38124
25189	38135
21677	38140
25406	38141
24774	38144
22586	38151
23596	38154
24188	38158
21024	38160
21872	38168
22905	38173
22261	38174
22379	38176
21484	38181
21546	38193
21493	38194
22557	38195
22438	38199
21426	38203
24180	38204
21261	38209
22848	38219
24090	38221
22165	38222
23204	38223
22229	38227
22190	38238
21644	38239
24582	38240
23479	38243
21419	38248
24779	38255
23803	38258
21862	38261
24845	38266
21114	38273
23172	38275
23638	38279
22823	38284
23150	38285
21315	38287
25073	38289
21153	38291
22408	38292
22460	38294
24680	38297
23918	38304
24205	38305
21231	38306
22131	38313
21279	38315
22940	38316
24517	38319
24138	38324
22147	38331
23133	38338
22457	38341
25098	38344
21481	38349
22104	38354
22452	38355
24064	38360
25415	38366
24173	38370
23945	38372
21817	38374
21785	38375
24861	38377
25297	38385
21887	38386
22918	38392
22270	38393
23769	38396
23131	38397
23326	38398
23854	38401
25131	38407
22306	38410
23432	38419
23946	38425
24993	38427
23392	38429
23923	38430
24440	38434
24361	38437
23579	38440
23762	38441
25277	38448
22484	38463
21675	38472
22159	38477
24287	38481
24403	38483
21937	38487
23989	38488
24083	38489
23171	38498
21650	38499
24524	38501
22079	38503
25379	38512
22856	38513
21369	38515
24819	38518
24785	38519
23288	38521
21121	38528
23696	38533
21486	38538
24330	38543
21586	38544
23814	38546
22373	38549
25282	38550
25187	38559
22613	38560
24060	38561
24562	38563
23738	38565
23996	38568
22780	38570
22743	38573
23217	38580
25124	38583
24502	38585
23770	38588
24690	38598
22242	38603
21043	38606
21893	38610
24016	38615
23532	38617
24191	38618
24273	38621
24298	38622
22624	38623
24947	38631
25325	38636
23580	38637
25151	38641
23682	38645
25411	38646
24570	38647
23096	38648
22950	38650
24893	38651
25433	38652
22061	38655
21000	38657
23555	38658
24342	38660
23031	38661
21924	38662
21997	38665
22198	38668
23750	38670
22927	38671
23048	38678
21292	38679
23114	38681
22702	38683
25468	38684
23536	38691
23495	38699
23393	38702
24207	38703
24892	38708
23434	38709
21473	38710
24284	38711
21722	38713
24882	38717
23425	38718
21165	38720
24526	38723
23711	38724
25032	38725
25320	38726
22285	38730
21355	38731
21883	38732
24567	38733
21578	38736
25210	38739
23566	38750
23997	38756
24381	38761
23444	38764
23502	38766
22737	38768
23729	38769
22179	38775
22534	38776
22851	38778
24516	38781
23739	38782
24149	38784
23625	38786
22450	38788
24591	38791
23995	38795
21770	38799
22327	38811
24532	38813
22500	38822
24485	38825
24823	38827
25314	38828
21035	38830
24733	38832
21105	38835
25285	38839
25446	38847
23912	38863
25194	38867
25011	38870
24912	38874
25088	38875
23888	38876
22432	38877
21193	38879
23417	38880
22341	38881
24137	38882
22345	38883
25378	38894
23791	38895
21808	38905
21434	38911
23609	38919
24256	38923
22174	38925
22474	38926
21690	38927
25103	38929
25443	38939
25385	38941
21827	38944
24230	38945
21965	38953
