2	10502
12	10512
21	10521
23	10523
24	10524
25	10525
26	10526
28	10528
29	10529
35	10535
36	10536
38	10538
44	10544
48	10548
52	10552
53	10553
54	10554
55	10555
58	10558
63	10563
68	10568
73	10573
76	10576
82	10582
86	10586
87	10587
88	10588
89	10589
96	10596
105	10605
110	10610
113	10613
115	10615
116	10616
121	10621
126	10626
128	10628
129	10629
134	10634
139	10639
140	10640
147	10647
152	10652
155	10655
156	10656
157	10657
166	10666
168	10668
169	10669
170	10670
174	10674
177	10677
178	10678
179	10679
195	10695
196	10696
197	10697
201	10701
202	10702
206	10706
207	10707
208	10708
212	10712
214	10714
220	10720
224	10724
226	10726
237	10737
239	10739
240	10740
243	10743
246	10746
247	10747
248	10748
249	10749
258	10758
263	10763
273	10773
274	10774
276	10776
279	10779
283	10783
288	10788
297	10797
302	10802
312	10812
313	10813
324	10824
327	10827
330	10830
339	10839
340	10840
345	10845
353	10853
356	10856
369	10869
373	10873
377	10877
378	10878
379	10879
381	10881
383	10883
385	10885
386	10886
388	10888
389	10889
391	10891
393	10893
402	10902
403	10903
408	10908
414	10914
415	10915
418	10918
421	10921
422	10922
423	10923
424	10924
425	10925
428	10928
431	10931
433	10933
442	10942
443	10943
444	10944
445	10945
450	10950
456	10956
459	10959
460	10960
461	10961
463	10963
464	10964
466	10966
467	10967
468	10968
472	10972
474	10974
475	10975
479	10979
484	10984
485	10985
487	10987
489	10989
490	10990
491	10991
492	10992
494	10994
496	10996
501	11001
504	11004
509	11009
511	11011
513	11013
525	11025
526	11026
530	11030
531	11031
533	11033
545	11045
554	11054
559	11059
560	11060
563	11063
566	11066
571	11071
574	11074
579	11079
584	11084
589	11089
590	11090
592	11092
594	11094
599	11099
604	11104
605	11105
614	11114
617	11117
618	11118
619	11119
622	11122
631	11131
633	11133
635	11135
649	11149
653	11153
655	11155
668	11168
669	11169
670	11170
678	11178
681	11181
685	11185
689	11189
693	11193
694	11194
696	11196
700	11200
701	11201
704	11204
706	11206
708	11208
710	11210
711	11211
716	11216
718	11218
721	11221
722	11222
724	11224
726	11226
729	11229
730	11230
734	11234
736	11236
740	11240
741	11241
743	11243
748	11248
751	11251
755	11255
760	11260
762	11262
779	11279
782	11282
785	11285
787	11287
790	11290
798	11298
802	11302
809	11309
812	11312
816	11316
821	11321
823	11323
826	11326
837	11337
839	11339
843	11343
845	11345
848	11348
852	11352
853	11353
856	11356
865	11365
866	11366
867	11367
868	11368
869	11369
871	11371
873	11373
874	11374
878	11378
879	11379
882	11382
887	11387
900	11400
901	11401
903	11403
904	11404
907	11407
908	11408
909	11409
910	11410
912	11412
919	11419
925	11425
929	11429
932	11432
933	11433
936	11436
937	11437
944	11444
946	11446
947	11447
950	11450
956	11456
958	11458
961	11461
968	11468
974	11474
979	11479
982	11482
1002	11502
1004	11504
1005	11505
1007	11507
1009	11509
1011	11511
1013	11513
1014	11514
1018	11518
1027	11527
1031	11531
1036	11536
1037	11537
1040	11540
1041	11541
1044	11544
1045	11545
1051	11551
1056	11556
1059	11559
1060	11560
1061	11561
1062	11562
1064	11564
1068	11568
1071	11571
1073	11573
1075	11575
1082	11582
1083	11583
1086	11586
1088	11588
1089	11589
1091	11591
1095	11595
1098	11598
1099	11599
1102	11602
1103	11603
1104	11604
1106	11606
1107	11607
1108	11608
1114	11614
1115	11615
1120	11620
1122	11622
1123	11623
1127	11627
1128	11628
1129	11629
1132	11632
1134	11634
1142	11642
1145	11645
1146	11646
1149	11649
1160	11660
1162	11662
1163	11663
1169	11669
1170	11670
1171	11671
1176	11676
1181	11681
1183	11683
1194	11694
1200	11700
1204	11704
1206	11706
1224	11724
1228	11728
1232	11732
1240	11740
1244	11744
1246	11746
1253	11753
1254	11754
1257	11757
1258	11758
1278	11778
1279	11779
1286	11786
1292	11792
1294	11794
1296	11796
1298	11798
1303	11803
1308	11808
1311	11811
1317	11817
1320	11820
1323	11823
1327	11827
1330	11830
1338	11838
1341	11841
1344	11844
1346	11846
1350	11850
1353	11853
1357	11857
1361	11861
1370	11870
1377	11877
1380	11880
1382	11882
1383	11883
1385	11885
1387	11887
1388	11888
1390	11890
1392	11892
1395	11895
1406	11906
1409	11909
1410	11910
1412	11912
1416	11916
1424	11924
1429	11929
1431	11931
1432	11932
1433	11933
1434	11934
1442	11942
1456	11956
1459	11959
1482	11982
1483	11983
1484	11984
1493	11993
1503	12003
1510	12010
1514	12014
1516	12016
1527	12027
1530	12030
1532	12032
1535	12035
1539	12039
1541	12041
1555	12055
1559	12059
1560	12060
1561	12061
1562	12062
1568	12068
1569	12069
1574	12074
1577	12077
1580	12080
1582	12082
1583	12083
1584	12084
1591	12091
1595	12095
1596	12096
1599	12099
1603	12103
1605	12105
1608	12108
1614	12114
1621	12121
1622	12122
1624	12124
1629	12129
1642	12142
1645	12145
1646	12146
1648	12148
1654	12154
1657	12157
1662	12162
1664	12164
1665	12165
1667	12167
1668	12168
1674	12174
1675	12175
1681	12181
1685	12185
1686	12186
1688	12188
1690	12190
1698	12198
1708	12208
1710	12210
1715	12215
1723	12223
1724	12224
1726	12226
1731	12231
1733	12233
1734	12234
1735	12235
1741	12241
1743	12243
1748	12248
1751	12251
1756	12256
1759	12259
1761	12261
1762	12262
1763	12263
1764	12264
1769	12269
1780	12280
1783	12283
1785	12285
1791	12291
1795	12295
1796	12296
1799	12299
1805	12305
1808	12308
1819	12319
1822	12322
1823	12323
1830	12330
1831	12331
1839	12339
1842	12342
1844	12344
1848	12348
1853	12353
1855	12355
1858	12358
1861	12361
1862	12362
1866	12366
1867	12367
1873	12373
1875	12375
1878	12378
1879	12379
1882	12382
1894	12394
1904	12404
1905	12405
1910	12410
1911	12411
1913	12413
1914	12414
1915	12415
1916	12416
1921	12421
1924	12424
1925	12425
1929	12429
1930	12430
1946	12446
1947	12447
1955	12455
1962	12462
1968	12468
1971	12471
1973	12473
1976	12476
1977	12477
1978	12478
1985	12485
1990	12490
1992	12492
1993	12493
2009	12509
2016	12516
2019	12519
2020	12520
2029	12529
2034	12534
2037	12537
2038	12538
2043	12543
2044	12544
2047	12547
2057	12557
2064	12564
2068	12568
2070	12570
2072	12572
2077	12577
2079	12579
2082	12582
2088	12588
2095	12595
2104	12604
2108	12608
2114	12614
2117	12617
2120	12620
2125	12625
2128	12628
2130	12630
2131	12631
2135	12635
2137	12637
2145	12645
2147	12647
2148	12648
2161	12661
2164	12664
2167	12667
2175	12675
2177	12677
2181	12681
2184	12684
2185	12685
2188	12688
2192	12692
2200	12700
2203	12703
2204	12704
2207	12707
2210	12710
2216	12716
2220	12720
2221	12721
2224	12724
2227	12727
2229	12729
2232	12732
2234	12734
2240	12740
2241	12741
2248	12748
2251	12751
2252	12752
2253	12753
2256	12756
2268	12768
2269	12769
2272	12772
2275	12775
2277	12777
2280	12780
2281	12781
2286	12786
2287	12787
2293	12793
2294	12794
2299	12799
2300	12800
2302	12802
2305	12805
2309	12809
2312	12812
2323	12823
2327	12827
2334	12834
2336	12836
2342	12842
2343	12843
2346	12846
2350	12850
2352	12852
2355	12855
2356	12856
2359	12859
2363	12863
2376	12876
2381	12881
2384	12884
2386	12886
2387	12887
2388	12888
2390	12890
2391	12891
2397	12897
2402	12902
2404	12904
2406	12906
2416	12916
2419	12919
2429	12929
2432	12932
2433	12933
2435	12935
2439	12939
2440	12940
2444	12944
2448	12948
2449	12949
2452	12952
2460	12960
2468	12968
2470	12970
2472	12972
2474	12974
2479	12979
2480	12980
2482	12982
2490	12990
2491	12991
2494	12994
2500	13000
2516	13016
2519	13019
2521	13021
2530	13030
2531	13031
2533	13033
2536	13036
2541	13041
2543	13043
2546	13046
2553	13053
2561	13061
2562	13062
2571	13071
2572	13072
2578	13078
2581	13081
2583	13083
2587	13087
2592	13092
2597	13097
2598	13098
2609	13109
2614	13114
2623	13123
2626	13126
2627	13127
2628	13128
2629	13129
2630	13130
2636	13136
2639	13139
2645	13145
2652	13152
2659	13159
2663	13163
2665	13165
2678	13178
2679	13179
2687	13187
2690	13190
2697	13197
2698	13198
2700	13200
2701	13201
2710	13210
2712	13212
2716	13216
2723	13223
2728	13228
2729	13229
2730	13230
2731	13231
2733	13233
2741	13241
2742	13242
2745	13245
2747	13247
2754	13254
2765	13265
2769	13269
2774	13274
2780	13280
2781	13281
2782	13282
2783	13283
2793	13293
2798	13298
2804	13304
2814	13314
2819	13319
2821	13321
2824	13324
2833	13333
2834	13334
2837	13337
2847	13347
2848	13348
2850	13350
2853	13353
2861	13361
2863	13363
2864	13364
2865	13365
2870	13370
2873	13373
2876	13376
2877	13377
2879	13379
2882	13382
2887	13387
2894	13394
2896	13396
2900	13400
2901	13401
2902	13402
2905	13405
2911	13411
2916	13416
2920	13420
2921	13421
2923	13423
2926	13426
2928	13428
2930	13430
2932	13432
2934	13434
2935	13435
2946	13446
2947	13447
2951	13451
2955	13455
2960	13460
2961	13461
2963	13463
2964	13464
2967	13467
2975	13475
2980	13480
2984	13484
2991	13491
2993	13493
2998	13498
3005	13505
3006	13506
3008	13508
3013	13513
3019	13519
3020	13520
3026	13526
3027	13527
3031	13531
3040	13540
3048	13548
3055	13555
3059	13559
3076	13576
3079	13579
3080	13580
3086	13586
3089	13589
3092	13592
3101	13601
3103	13603
3110	13610
3111	13611
3113	13613
3114	13614
3115	13615
3119	13619
3123	13623
3124	13624
3130	13630
3141	13641
3142	13642
3147	13647
3150	13650
3153	13653
3154	13654
3157	13657
3161	13661
3169	13669
3171	13671
3174	13674
3176	13676
3187	13687
3188	13688
3189	13689
3192	13692
3194	13694
3198	13698
3199	13699
3200	13700
3201	13701
3204	13704
3210	13710
3213	13713
3216	13716
3217	13717
3218	13718
3223	13723
3226	13726
3229	13729
3232	13732
3235	13735
3238	13738
3240	13740
3244	13744
3246	13746
3247	13747
3251	13751
3252	13752
3262	13762
3264	13764
3266	13766
3268	13768
3269	13769
3270	13770
3281	13781
3282	13782
3287	13787
3288	13788
3299	13799
3300	13800
3302	13802
3313	13813
3315	13815
3317	13817
3318	13818
3321	13821
3326	13826
3330	13830
3334	13834
3335	13835
3340	13840
3341	13841
3345	13845
3349	13849
3351	13851
3359	13859
3360	13860
3362	13862
3366	13866
3368	13868
3370	13870
3371	13871
3377	13877
3382	13882
3383	13883
3385	13885
3387	13887
3391	13891
3394	13894
3411	13911
3412	13912
3413	13913
3414	13914
3416	13916
3417	13917
3418	13918
3419	13919
3426	13926
3427	13927
3433	13933
3436	13936
3438	13938
3441	13941
3442	13942
3459	13959
3462	13962
3465	13965
3471	13971
3481	13981
3483	13983
3490	13990
3492	13992
3493	13993
3497	13997
3506	14006
3509	14009
3515	14015
3517	14017
3523	14023
3524	14024
3530	14030
3534	14034
3537	14037
3539	14039
3541	14041
3542	14042
3543	14043
3548	14048
3549	14049
3551	14051
3559	14059
3564	14064
3565	14065
3569	14069
3570	14070
3572	14072
3577	14077
3591	14091
3592	14092
3597	14097
3599	14099
3600	14100
3605	14105
3609	14109
3616	14116
3619	14119
3620	14120
3627	14127
3635	14135
3643	14143
3652	14152
3657	14157
3658	14158
3662	14162
3669	14169
3676	14176
3679	14179
3681	14181
3682	14182
3685	14185
3686	14186
3694	14194
3702	14202
3707	14207
3709	14209
3716	14216
3720	14220
3724	14224
3725	14225
3726	14226
3732	14232
3733	14233
3737	14237
3745	14245
3748	14248
3753	14253
3757	14257
3758	14258
3773	14273
3779	14279
3781	14281
3788	14288
3798	14298
3810	14310
3811	14311
3814	14314
3815	14315
3825	14325
3826	14326
3830	14330
3833	14333
3834	14334
3840	14340
3842	14342
3844	14344
3845	14345
3847	14347
3848	14348
3853	14353
3857	14357
3877	14377
3880	14380
3882	14382
3885	14385
3886	14386
3887	14387
3888	14388
3891	14391
3894	14394
3901	14401
3914	14414
3920	14420
3924	14424
3926	14426
3931	14431
3933	14433
3934	14434
3935	14435
3937	14437
3943	14443
3948	14448
3954	14454
3958	14458
3959	14459
3962	14462
3966	14466
3967	14467
3970	14470
3982	14482
3989	14489
3991	14491
3992	14492
3996	14496
4010	14510
4012	14512
4022	14522
4023	14523
4027	14527
4029	14529
4043	14543
4045	14545
4046	14546
4049	14549
4055	14555
4056	14556
4062	14562
4065	14565
4068	14568
4070	14570
4071	14571
4080	14580
4083	14583
4084	14584
4088	14588
4089	14589
4096	14596
4098	14598
4102	14602
4105	14605
4106	14606
4108	14608
4111	14611
4114	14614
4121	14621
4125	14625
4128	14628
4133	14633
4136	14636
4139	14639
4144	14644
4146	14646
4147	14647
4148	14648
4150	14650
4151	14651
4155	14655
4156	14656
4157	14657
4163	14663
4167	14667
4175	14675
4176	14676
4177	14677
4182	14682
4183	14683
4184	14684
4187	14687
4192	14692
4197	14697
4200	14700
4201	14701
4203	14703
4208	14708
4225	14725
4226	14726
4227	14727
4233	14733
4235	14735
4237	14737
4239	14739
4240	14740
4242	14742
4243	14743
4248	14748
4250	14750
4257	14757
4259	14759
4261	14761
4263	14763
4264	14764
4266	14766
4268	14768
4269	14769
4270	14770
4271	14771
4273	14773
4275	14775
4276	14776
4280	14780
4282	14782
4284	14784
4285	14785
4287	14787
4300	14800
4301	14801
4304	14804
4308	14808
4322	14822
4331	14831
4332	14832
4334	14834
4338	14838
4345	14845
4347	14847
4349	14849
4351	14851
4353	14853
4355	14855
4359	14859
4361	14861
4366	14866
4367	14867
4373	14873
4375	14875
4378	14878
4379	14879
4385	14885
4394	14894
4395	14895
4397	14897
4401	14901
4405	14905
4408	14908
4413	14913
4418	14918
4420	14920
4431	14931
4433	14933
4434	14934
4438	14938
4440	14940
4441	14941
4451	14951
4462	14962
4463	14963
4464	14964
4465	14965
4474	14974
4481	14981
4485	14985
4492	14992
4496	14996
4497	14997
4498	14998
4499	14999
4502	15002
4503	15003
4504	15004
4507	15007
4514	15014
4517	15017
4518	15018
4523	15023
4527	15027
4530	15030
4531	15031
4532	15032
4533	15033
4537	15037
4544	15044
4547	15047
4552	15052
4560	15060
4569	15069
4570	15070
4573	15073
4584	15084
4585	15085
4590	15090
4592	15092
4597	15097
4603	15103
4607	15107
4612	15112
4619	15119
4622	15122
4629	15129
4630	15130
4632	15132
4638	15138
4641	15141
4644	15144
4647	15147
4653	15153
4654	15154
4659	15159
4660	15160
4669	15169
4670	15170
4671	15171
4673	15173
4674	15174
4675	15175
4681	15181
4683	15183
4687	15187
4688	15188
4701	15201
4702	15202
4703	15203
4704	15204
4705	15205
4707	15207
4711	15211
4715	15215
4717	15217
4718	15218
4720	15220
4723	15223
4726	15226
4728	15228
4731	15231
4734	15234
4739	15239
4741	15241
4744	15244
4747	15247
4753	15253
4755	15255
4759	15259
4760	15260
4762	15262
4764	15264
4769	15269
4770	15270
4773	15273
4775	15275
4777	15277
4784	15284
4790	15290
4793	15293
4794	15294
4795	15295
4796	15296
4814	15314
4815	15315
4820	15320
4823	15323
4824	15324
4832	15332
4833	15333
4835	15335
4845	15345
4846	15346
4847	15347
4848	15348
4850	15350
4856	15356
4858	15358
4861	15361
4863	15363
4867	15367
4869	15369
4871	15371
4872	15372
4874	15374
4893	15393
4894	15394
4898	15398
4902	15402
4904	15404
4906	15406
4914	15414
4916	15416
4925	15425
4930	15430
4932	15432
4940	15440
4947	15447
4948	15448
4957	15457
4961	15461
4967	15467
4968	15468
4969	15469
4974	15474
4975	15475
4978	15478
4987	15487
4989	15489
4999	15499
5002	15502
5003	15503
5005	15505
5006	15506
5010	15510
5012	15512
5015	15515
5016	15516
5017	15517
5018	15518
5020	15520
5023	15523
5025	15525
5030	15530
5034	15534
5035	15535
5037	15537
5038	15538
5041	15541
5044	15544
5049	15549
5053	15553
5059	15559
5065	15565
5067	15567
5072	15572
5073	15573
5077	15577
5078	15578
5083	15583
5085	15585
5089	15589
5093	15593
5099	15599
5105	15605
5106	15606
5107	15607
5110	15610
5116	15616
5130	15630
5134	15634
5138	15638
5140	15640
5152	15652
5154	15654
5162	15662
5172	15672
5174	15674
5177	15677
5178	15678
5186	15686
5188	15688
5191	15691
5192	15692
5196	15696
5199	15699
5202	15702
5203	15703
5206	15706
5208	15708
5209	15709
5211	15711
5216	15716
5221	15721
5225	15725
5226	15726
5228	15728
5232	15732
5235	15735
5238	15738
5247	15747
5258	15758
5260	15760
5261	15761
5262	15762
5264	15764
5278	15778
5293	15793
5297	15797
5298	15798
5306	15806
5308	15808
5309	15809
5315	15815
5325	15825
5332	15832
5337	15837
5343	15843
5348	15848
5355	15855
5357	15857
5358	15858
5360	15860
5363	15863
5366	15866
5370	15870
5371	15871
5374	15874
5376	15876
5382	15882
5385	15885
5390	15890
5391	15891
5394	15894
5397	15897
5400	15900
5402	15902
5410	15910
5411	15911
5416	15916
5422	15922
5423	15923
5424	15924
5426	15926
5431	15931
5435	15935
5436	15936
5437	15937
5444	15944
5448	15948
5449	15949
5453	15953
5455	15955
5460	15960
5465	15965
5467	15967
5470	15970
5477	15977
5480	15980
5489	15989
5497	15997
5499	15999
5502	16002
5505	16005
5506	16006
5507	16007
5524	16024
5525	16025
5533	16033
5534	16034
5539	16039
5540	16040
5541	16041
5543	16043
5544	16044
5545	16045
5548	16048
5550	16050
5556	16056
5558	16058
5560	16060
5563	16063
5564	16064
5565	16065
5566	16066
5573	16073
5576	16076
5579	16079
5580	16080
5583	16083
5586	16086
5587	16087
5588	16088
5589	16089
5605	16105
5607	16107
5609	16109
5611	16111
5616	16116
5618	16118
5624	16124
5631	16131
5633	16133
5634	16134
5636	16136
5639	16139
5641	16141
5648	16148
5652	16152
5655	16155
5656	16156
5664	16164
5667	16167
5669	16169
5670	16170
5671	16171
5673	16173
5676	16176
5678	16178
5684	16184
5685	16185
5686	16186
5692	16192
5698	16198
5702	16202
5706	16206
5707	16207
5708	16208
5711	16211
5714	16214
5722	16222
5733	16233
5742	16242
5743	16243
5744	16244
5746	16246
5747	16247
5752	16252
5759	16259
5767	16267
5769	16269
5777	16277
5779	16279
5782	16282
5783	16283
5785	16285
5787	16287
5793	16293
5794	16294
5799	16299
5803	16303
5812	16312
5820	16320
5821	16321
5831	16331
5832	16332
5834	16334
5837	16337
5841	16341
5842	16342
5844	16344
5846	16346
5849	16349
5856	16356
5874	16374
5877	16377
5880	16380
5881	16381
5883	16383
5888	16388
5891	16391
5894	16394
5895	16395
5897	16397
5899	16399
5908	16408
5909	16409
5915	16415
5916	16416
5922	16422
5932	16432
5933	16433
5935	16435
5936	16436
5941	16441
5942	16442
5945	16445
5957	16457
5958	16458
5962	16462
5964	16464
5968	16468
5974	16474
5978	16478
5986	16486
5992	16492
5993	16493
5994	16494
5996	16496
5998	16498
6002	16502
6006	16506
6007	16507
6008	16508
6011	16511
6016	16516
6017	16517
6020	16520
6024	16524
6033	16533
6039	16539
6043	16543
6046	16546
6055	16555
6058	16558
6063	16563
6067	16567
6068	16568
6073	16573
6074	16574
6088	16588
6098	16598
6107	16607
6112	16612
6113	16613
6116	16616
6117	16617
6119	16619
6130	16630
6133	16633
6134	16634
6137	16637
6148	16648
6149	16649
6151	16651
6153	16653
6157	16657
6161	16661
6163	16663
6170	16670
6171	16671
6174	16674
6176	16676
6178	16678
6182	16682
6199	16699
6202	16702
6206	16706
6209	16709
6211	16711
6212	16712
6217	16717
6218	16718
6227	16727
6232	16732
6237	16737
6245	16745
6249	16749
6251	16751
6255	16755
6256	16756
6257	16757
6258	16758
6260	16760
6262	16762
6263	16763
6265	16765
6271	16771
6280	16780
6286	16786
6287	16787
6306	16806
6314	16814
6315	16815
6316	16816
6317	16817
6321	16821
6324	16824
6326	16826
6334	16834
6346	16846
6349	16849
6350	16850
6354	16854
6355	16855
6367	16867
6368	16868
6371	16871
6372	16872
6375	16875
6377	16877
6380	16880
6381	16881
6383	16883
6386	16886
6387	16887
6390	16890
6395	16895
6402	16902
6403	16903
6411	16911
6412	16912
6413	16913
6416	16916
6426	16926
6431	16931
6432	16932
6436	16936
6439	16939
6440	16940
6442	16942
6443	16943
6445	16945
6457	16957
6460	16960
6461	16961
6463	16963
6468	16968
6473	16973
6474	16974
6475	16975
6476	16976
6478	16978
6483	16983
6485	16985
6488	16988
6489	16989
6490	16990
6492	16992
6493	16993
6494	16994
6508	17008
6510	17010
6511	17011
6514	17014
6519	17019
6521	17021
6529	17029
6531	17031
6532	17032
6536	17036
6538	17038
6540	17040
6546	17046
6550	17050
6551	17051
6576	17076
6578	17078
6579	17079
6581	17081
6583	17083
6586	17086
6588	17088
6597	17097
6609	17109
6612	17112
6613	17113
6623	17123
6626	17126
6633	17133
6635	17135
6636	17136
6638	17138
6639	17139
6643	17143
6647	17147
6654	17154
6659	17159
6671	17171
6677	17177
6680	17180
6681	17181
6686	17186
6687	17187
6691	17191
6693	17193
6697	17197
6703	17203
6707	17207
6708	17208
6709	17209
6710	17210
6712	17212
6714	17214
6725	17225
6728	17228
6730	17230
6731	17231
6737	17237
6738	17238
6739	17239
6741	17241
6744	17244
6745	17245
6746	17246
6750	17250
6759	17259
6763	17263
6769	17269
6770	17270
6772	17272
6773	17273
6774	17274
6777	17277
6783	17283
6784	17284
6786	17286
6788	17288
6790	17290
6800	17300
6801	17301
6809	17309
6811	17311
6815	17315
6821	17321
6823	17323
6825	17325
6837	17337
6841	17341
6844	17344
6845	17345
6851	17351
6860	17360
6864	17364
6872	17372
6876	17376
6878	17378
6880	17380
6881	17381
6889	17389
6895	17395
6899	17399
6905	17405
6907	17407
6915	17415
6918	17418
6923	17423
6925	17425
6927	17427
6932	17432
6937	17437
6941	17441
6942	17442
6943	17443
6946	17446
6950	17450
6951	17451
6953	17453
6957	17457
6958	17458
6964	17464
6967	17467
6968	17468
6972	17472
6977	17477
6980	17480
6983	17483
6985	17485
6988	17488
6989	17489
6990	17490
6992	17492
6995	17495
7005	17505
7008	17508
7011	17511
7012	17512
7024	17524
7027	17527
7030	17530
7039	17539
7043	17543
7052	17552
7054	17554
7060	17560
7064	17564
7067	17567
7070	17570
7074	17574
7077	17577
7078	17578
7079	17579
7080	17580
7084	17584
7086	17586
7091	17591
7092	17592
7094	17594
7096	17596
7102	17602
7115	17615
7116	17616
7129	17629
7130	17630
7134	17634
7135	17635
7148	17648
7152	17652
7154	17654
7156	17656
7158	17658
7161	17661
7162	17662
7163	17663
7165	17665
7168	17668
7172	17672
7173	17673
7175	17675
7178	17678
7182	17682
7184	17684
7188	17688
7192	17692
7194	17694
7195	17695
7199	17699
7207	17707
7214	17714
7218	17718
7222	17722
7228	17728
7229	17729
7234	17734
7236	17736
7237	17737
7241	17741
7248	17748
7250	17750
7256	17756
7258	17758
7265	17765
7287	17787
7295	17795
7296	17796
7297	17797
7298	17798
7300	17800
7303	17803
7309	17809
7313	17813
7316	17816
7317	17817
7329	17829
7333	17833
7335	17835
7339	17839
7351	17851
7356	17856
7359	17859
7362	17862
7364	17864
7365	17865
7369	17869
7370	17870
7371	17871
7373	17873
7375	17875
7376	17876
7377	17877
7378	17878
7382	17882
7384	17884
7395	17895
7399	17899
7401	17901
7404	17904
7407	17907
7413	17913
7420	17920
7423	17923
7437	17937
7442	17942
7444	17944
7446	17946
7448	17948
7450	17950
7451	17951
7453	17953
7456	17956
7462	17962
7466	17966
7471	17971
7477	17977
7489	17989
7491	17991
7494	17994
7495	17995
7497	17997
7500	18000
7504	18004
7506	18006
7515	18015
7519	18019
7520	18020
7521	18021
7522	18022
7526	18026
7531	18031
7535	18035
7538	18038
7539	18039
7541	18041
7543	18043
7546	18046
7551	18051
7555	18055
7558	18058
7561	18061
7563	18063
7566	18066
7568	18068
7569	18069
7572	18072
7573	18073
7590	18090
7593	18093
7596	18096
7599	18099
7603	18103
7604	18104
7609	18109
7613	18113
7622	18122
7623	18123
7627	18127
7629	18129
7630	18130
7634	18134
7638	18138
7641	18141
7642	18142
7644	18144
7646	18146
7648	18148
7651	18151
7653	18153
7656	18156
7657	18157
7666	18166
7667	18167
7670	18170
7674	18174
7677	18177
7685	18185
7687	18187
7690	18190
7698	18198
7699	18199
7706	18206
7707	18207
7711	18211
7712	18212
7713	18213
7717	18217
7718	18218
7724	18224
7725	18225
7726	18226
7732	18232
7736	18236
7737	18237
7738	18238
7743	18243
7750	18250
7751	18251
7754	18254
7762	18262
7763	18263
7765	18265
7768	18268
7772	18272
7773	18273
7774	18274
7775	18275
7779	18279
7781	18281
7782	18282
7783	18283
7788	18288
7789	18289
7794	18294
7800	18300
7804	18304
7808	18308
7814	18314
7817	18317
7827	18327
7834	18334
7835	18335
7836	18336
7849	18349
7855	18355
7857	18357
7862	18362
7867	18367
7869	18369
7870	18370
7871	18371
7874	18374
7875	18375
7877	18377
7883	18383
7886	18386
7888	18388
7892	18392
7896	18396
7897	18397
7900	18400
7904	18404
7906	18406
7910	18410
7915	18415
7919	18419
7922	18422
7923	18423
7926	18426
7932	18432
7939	18439
7943	18443
7947	18447
7949	18449
7953	18453
7954	18454
7958	18458
7960	18460
7962	18462
7963	18463
7970	18470
7972	18472
7983	18483
7987	18487
7994	18494
7995	18495
8009	18509
8013	18513
8014	18514
8019	18519
8022	18522
8023	18523
8025	18525
8028	18528
8030	18530
8032	18532
8035	18535
8038	18538
8041	18541
8043	18543
8044	18544
8053	18553
8054	18554
8055	18555
8056	18556
8061	18561
8065	18565
8066	18566
8069	18569
8074	18574
8079	18579
8086	18586
8093	18593
8095	18595
8097	18597
8099	18599
8100	18600
8103	18603
8105	18605
8107	18607
8109	18609
8113	18613
8122	18622
8124	18624
8129	18629
8131	18631
8132	18632
8136	18636
8137	18637
8143	18643
8152	18652
8158	18658
8159	18659
8167	18667
8169	18669
8175	18675
8178	18678
8184	18684
8187	18687
8194	18694
8199	18699
8202	18702
8203	18703
8205	18705
8208	18708
8209	18709
8213	18713
8215	18715
8218	18718
8219	18719
8222	18722
8232	18732
8233	18733
8237	18737
8239	18739
8242	18742
8255	18755
8256	18756
8260	18760
8261	18761
8264	18764
8265	18765
8276	18776
8277	18777
8278	18778
8282	18782
8284	18784
8288	18788
8292	18792
8297	18797
8301	18801
8310	18810
8315	18815
8318	18818
8319	18819
8320	18820
8323	18823
8327	18827
8328	18828
8336	18836
8337	18837
8339	18839
8342	18842
8344	18844
8355	18855
8358	18858
8365	18865
8367	18867
8368	18868
8377	18877
8381	18881
8388	18888
8391	18891
8394	18894
8414	18914
8415	18915
8423	18923
8428	18928
8431	18931
8432	18932
8433	18933
8434	18934
8438	18938
8446	18946
8448	18948
8456	18956
8457	18957
8458	18958
8460	18960
8464	18964
8465	18965
8472	18972
8474	18974
8475	18975
8482	18982
8483	18983
8484	18984
8488	18988
8490	18990
8492	18992
8494	18994
8498	18998
8499	18999
8501	19001
8505	19005
8506	19006
8507	19007
8508	19008
8515	19015
8516	19016
8518	19018
8524	19024
8525	19025
8527	19027
8530	19030
8534	19034
8536	19036
8537	19037
8539	19039
8540	19040
8545	19045
8550	19050
8552	19052
8555	19055
8556	19056
8557	19057
8558	19058
8561	19061
8562	19062
8563	19063
8571	19071
8572	19072
8574	19074
8579	19079
8582	19082
8583	19083
8589	19089
8590	19090
8593	19093
8595	19095
8598	19098
8605	19105
8608	19108
8609	19109
8614	19114
8617	19117
8619	19119
8624	19124
8629	19129
8631	19131
8636	19136
8638	19138
8640	19140
8641	19141
8647	19147
8648	19148
8651	19151
8654	19154
8655	19155
8658	19158
8660	19160
8664	19164
8667	19167
8669	19169
8670	19170
8676	19176
8683	19183
8686	19186
8688	19188
8691	19191
8692	19192
8697	19197
8699	19199
8700	19200
8703	19203
8709	19209
8711	19211
8713	19213
8717	19217
8720	19220
8722	19222
8723	19223
8724	19224
8731	19231
8734	19234
8736	19236
8740	19240
8741	19241
8742	19242
8743	19243
8747	19247
8751	19251
8763	19263
8766	19266
8768	19268
8770	19270
8771	19271
8774	19274
8777	19277
8781	19281
8787	19287
8789	19289
8794	19294
8795	19295
8797	19297
8798	19298
8800	19300
8801	19301
8803	19303
8804	19304
8805	19305
8807	19307
8812	19312
8825	19325
8830	19330
8832	19332
8836	19336
8839	19339
8840	19340
8845	19345
8846	19346
8847	19347
8849	19349
8852	19352
8853	19353
8869	19369
8871	19371
8876	19376
8878	19378
8883	19383
8890	19390
8899	19399
8900	19400
8901	19401
8902	19402
8906	19406
8911	19411
8915	19415
8928	19428
8936	19436
8937	19437
8942	19442
8945	19445
8952	19452
8953	19453
8956	19456
8962	19462
8965	19465
8976	19476
8986	19486
8995	19495
8998	19498
9005	19505
9006	19506
9008	19508
9013	19513
9023	19523
9032	19532
9035	19535
9040	19540
9042	19542
9048	19548
9053	19553
9062	19562
9063	19563
9069	19569
9070	19570
9074	19574
9075	19575
9077	19577
9080	19580
9081	19581
9084	19584
9090	19590
9093	19593
9099	19599
9103	19603
9110	19610
9111	19611
9122	19622
9127	19627
9130	19630
9131	19631
9138	19638
9140	19640
9142	19642
9147	19647
9157	19657
9158	19658
9161	19661
9168	19668
9170	19670
9171	19671
9173	19673
9174	19674
9177	19677
9178	19678
9180	19680
9182	19682
9186	19686
9203	19703
9206	19706
9208	19708
9211	19711
9215	19715
9216	19716
9219	19719
9228	19728
9236	19736
9239	19739
9241	19741
9247	19747
9254	19754
9263	19763
9264	19764
9268	19768
9270	19770
9289	19789
9292	19792
9293	19793
9299	19799
9300	19800
9314	19814
9320	19820
9330	19830
9331	19831
9334	19834
9338	19838
9341	19841
9342	19842
9344	19844
9345	19845
9350	19850
9351	19851
9352	19852
9353	19853
9355	19855
9358	19858
9359	19859
9360	19860
9362	19862
9364	19864
9367	19867
9376	19876
9377	19877
9378	19878
9381	19881
9387	19887
9388	19888
9394	19894
9399	19899
9402	19902
9403	19903
9404	19904
9407	19907
9412	19912
9417	19917
9420	19920
9421	19921
9423	19923
9424	19924
9435	19935
9437	19937
9439	19939
9450	19950
9452	19952
9455	19955
9456	19956
9459	19959
9466	19966
9472	19972
9476	19976
9478	19978
9480	19980
9485	19985
9486	19986
9487	19987
9489	19989
9491	19991
9492	19992
9500	20000
9508	20008
9511	20011
9515	20015
9517	20017
9519	20019
9522	20022
9524	20024
9528	20028
9539	20039
9542	20042
9543	20043
9546	20046
9547	20047
9550	20050
9552	20052
9554	20054
9557	20057
9559	20059
9564	20064
9567	20067
9571	20071
9574	20074
9582	20082
9587	20087
9595	20095
9597	20097
9601	20101
9603	20103
9609	20109
9611	20111
9612	20112
9614	20114
9615	20115
9617	20117
9619	20119
9624	20124
9625	20125
9626	20126
9632	20132
9633	20133
9639	20139
9641	20141
9642	20142
9644	20144
9649	20149
9651	20151
9654	20154
9657	20157
9658	20158
9661	20161
9665	20165
9671	20171
9676	20176
9677	20177
9678	20178
9684	20184
9689	20189
9693	20193
9695	20195
9707	20207
9716	20216
9722	20222
9724	20224
9725	20225
9729	20229
9730	20230
9733	20233
9734	20234
9736	20236
9739	20239
9745	20245
9746	20246
9747	20247
9749	20249
9756	20256
9760	20260
9761	20261
9767	20267
9769	20269
9773	20273
9774	20274
9776	20276
9777	20277
9778	20278
9780	20280
9786	20286
9788	20288
9797	20297
9799	20299
9803	20303
9805	20305
9807	20307
9808	20308
9815	20315
9820	20320
9822	20322
9827	20327
9828	20328
9829	20329
9830	20330
9834	20334
9838	20338
9839	20339
9843	20343
9846	20346
9848	20348
9851	20351
9852	20352
9854	20354
9860	20360
9862	20362
9863	20363
9864	20364
9868	20368
9870	20370
9871	20371
9874	20374
9882	20382
9888	20388
9889	20389
9902	20402
9904	20404
9905	20405
9907	20407
9908	20408
9913	20413
9914	20414
9917	20417
9919	20419
9923	20423
9926	20426
9929	20429
9933	20433
9938	20438
9948	20448
9952	20452
9959	20459
9960	20460
9967	20467
9972	20472
9973	20473
9975	20475
9987	20487
9988	20488
9993	20493
9995	20495
9997	20497
10002	20502
10004	20504
10005	20505
10009	20509
10012	20512
10018	20518
10021	20521
10022	20522
10034	20534
10035	20535
10036	20536
10040	20540
10041	20541
10048	20548
10050	20550
10052	20552
10056	20556
10057	20557
10059	20559
10065	20565
10074	20574
10078	20578
10081	20581
10082	20582
10090	20590
10094	20594
10095	20595
10097	20597
10102	20602
10108	20608
10109	20609
10113	20613
10119	20619
10123	20623
10128	20628
10135	20635
10137	20637
10145	20645
10146	20646
10147	20647
10151	20651
10152	20652
10160	20660
10161	20661
10163	20663
10164	20664
10168	20668
10179	20679
10183	20683
10188	20688
10191	20691
10196	20696
10197	20697
10198	20698
10207	20707
10210	20710
10212	20712
10222	20722
10229	20729
10230	20730
10233	20733
10238	20738
10241	20741
10243	20743
10245	20745
10250	20750
10252	20752
10253	20753
10256	20756
10258	20758
10259	20759
10262	20762
10265	20765
10275	20775
10276	20776
10277	20777
10283	20783
10286	20786
10287	20787
10288	20788
10294	20794
10301	20801
10302	20802
10306	20806
10309	20809
10312	20812
10322	20822
10327	20827
10328	20828
10329	20829
10332	20832
10337	20837
10342	20842
10343	20843
10348	20848
10349	20849
10350	20850
10361	20861
10363	20863
10365	20865
10368	20868
10371	20871
10375	20875
10381	20881
10382	20882
10385	20885
10387	20887
10394	20894
10399	20899
10404	20904
10408	20908
10416	20916
10417	20917
10430	20930
10433	20933
10434	20934
10435	20935
10438	20938
10443	20943
10444	20944
10445	20945
10446	20946
10448	20948
10449	20949
10455	20955
10461	20961
10479	20979
10481	20981
10490	20990
10493	20993
10494	20994
10495	20995
10497	20997
22532	35154
24712	35156
23663	35157
22909	35159
21351	35167
24638	35168
21192	35172
24830	35174
24259	35177
21915	35178
21795	35191
23474	35197
24954	35207
23216	35214
23368	35220
22686	35223
21141	35224
24428	35225
23101	35233
23899	35238
22747	35243
23737	35255
22503	35256
22101	35259
22647	35266
22309	35269
23396	35270
22726	35274
23075	35275
25064	35276
21734	35277
21299	35283
24417	35289
22804	35292
21698	35293
21054	35294
24844	35304
23632	35305
22749	35312
24374	35315
22389	35320
21174	35322
24725	35328
21391	35329
22608	35331
22334	35337
24868	35339
23898	35340
22413	35343
23006	35346
23520	35349
24947	35351
22979	35353
21664	35356
24138	35360
25013	35365
24790	35375
25097	35379
24738	35382
24998	35385
24684	35387
21332	35390
23646	35392
22407	35393
21577	35395
22796	35398
25146	35399
24187	35403
22867	35407
22661	35411
21796	35421
24682	35424
25494	35430
22485	35446
21568	35448
21225	35453
21477	35455
22474	35457
23719	35463
25327	35465
21635	35466
24781	35467
24296	35473
22743	35474
23196	35477
21019	35480
22342	35487
24399	35491
21052	35494
24637	35498
23374	35506
23438	35515
24770	35518
24858	35526
21305	35527
24422	35528
25499	35530
22318	35535
21455	35549
21760	35551
22360	35552
24648	35558
24198	35565
24843	35568
22121	35572
23681	35574
24576	35580
23907	35583
23834	35587
23144	35597
22533	35599
23188	35604
21154	35608
23990	35609
25166	35611
21846	35613
24199	35614
22701	35615
24087	35619
22002	35623
24817	35625
23294	35634
22628	35640
22542	35642
25048	35643
21801	35644
25380	35651
24390	35653
21041	35656
23926	35668
22327	35670
22942	35671
22066	35677
24174	35683
22844	35690
24257	35693
23551	35695
23981	35698
22047	35703
22091	35707
25046	35709
22502	35710
24989	35712
21630	35716
24150	35718
24068	35721
21833	35730
21015	35739
22555	35741
22126	35747
23446	35754
24437	35755
23422	35756
23080	35762
23448	35764
22720	35768
21442	35779
21145	35782
22946	35791
24368	35793
21938	35794
21446	35801
23559	35803
23013	35806
21862	35814
24932	35819
21817	35823
24085	35824
23996	35827
24320	35830
22652	35836
21994	35840
22736	35843
22249	35845
24230	35853
24792	35857
21762	35862
21392	35870
23490	35871
21811	35872
23778	35876
22186	35878
21261	35880
21378	35881
21719	35883
24691	35885
23998	35886
25281	35888
22797	35893
25254	35894
22883	35897
21535	35898
25414	35901
23060	35905
22242	35915
21454	35917
25455	35919
24002	35921
24080	35922
24214	35926
21984	35927
23748	35932
22284	35934
23751	35935
24011	35941
21404	35944
21880	35945
22801	35949
23064	35958
22558	35967
23565	35969
21411	35974
22253	35978
22416	35985
24484	35988
23210	35990
25462	36007
23581	36008
21191	36014
22780	36015
24179	36017
21147	36021
21720	36026
23517	36027
23070	36029
24862	36030
23921	36031
21251	36032
24407	36033
23369	36035
25284	36045
23007	36046
22414	36048
23260	36050
21462	36051
23715	36052
25253	36053
24309	36054
23100	36059
23254	36060
22090	36068
24543	36073
21441	36075
23758	36079
22203	36081
23814	36086
21813	36091
22981	36093
24756	36098
22272	36101
25362	36103
21512	36107
21626	36108
21505	36115
22419	36117
23767	36121
23295	36129
24232	36133
23015	36135
23598	36139
24488	36140
25222	36144
23910	36161
23917	36162
22592	36167
21448	36168
23812	36173
25372	36181
21153	36182
22188	36184
23649	36189
21068	36192
24640	36193
21371	36195
23802	36203
24818	36204
23621	36209
25316	36213
21830	36219
21162	36224
24024	36228
21216	36229
24959	36230
21580	36232
21034	36235
21040	36237
25141	36239
21166	36247
24944	36256
24347	36259
24076	36260
23491	36265
25098	36274
24082	36277
24969	36279
23379	36281
25217	36283
25384	36285
22337	36290
22873	36295
23358	36301
23873	36304
22347	36305
23383	36313
25350	36321
21831	36325
25199	36332
22871	36335
24003	36340
21066	36341
21221	36342
23872	36344
25093	36348
22364	36352
23082	36355
23133	36363
21613	36372
22367	36373
23804	36380
24189	36385
24149	36390
21417	36392
22792	36395
24140	36396
23479	36397
23870	36398
22494	36400
23149	36404
24048	36409
21080	36411
21364	36414
21853	36418
22222	36419
22059	36421
24673	36422
22830	36423
24708	36435
21508	36436
24994	36443
21638	36445
24293	36458
21340	36459
24647	36461
23097	36462
23574	36465
21360	36472
21693	36477
22606	36479
23756	36488
25236	36489
23221	36491
25206	36492
23283	36493
23357	36496
25388	36500
23838	36503
23918	36506
24037	36507
22680	36514
21071	36524
24392	36530
21275	36531
22779	36539
24072	36540
22071	36556
24799	36561
21718	36563
21711	36570
22667	36582
22811	36583
22672	36584
25129	36590
22161	36592
22778	36596
21017	36598
24391	36600
23010	36601
21861	36605
25275	36612
24053	36618
21111	36625
24767	36632
25214	36635
21271	36639
24380	36645
21200	36646
24955	36648
24386	36650
21823	36652
23556	36655
24128	36657
22978	36658
22394	36660
22258	36661
24015	36662
25006	36664
25313	36669
21995	36675
21489	36682
21318	36684
24693	36687
23645	36692
22053	36693
25226	36700
21641	36702
23651	36704
21069	36705
24581	36711
23001	36722
21336	36726
23287	36730
24836	36739
24443	36742
23452	36746
24776	36749
23245	36750
23038	36751
25387	36753
23744	36758
24873	36759
23671	36760
22048	36763
21443	36764
25227	36767
24964	36769
24859	36770
24910	36777
23730	36788
22870	36794
21184	36803
23857	36806
23092	36810
24474	36814
21687	36818
23630	36820
22905	36821
24209	36824
25322	36829
25153	36830
24506	36841
24196	36845
22004	36846
23364	36847
21089	36849
24095	36850
23226	36853
24802	36861
23811	36871
23185	36878
24604	36880
23212	36881
23310	36884
21408	36886
24099	36888
21625	36890
23852	36891
21885	36892
25358	36898
23562	36900
23280	36902
22083	36908
23331	36920
25004	36923
24644	36924
24921	36926
22922	36933
24574	36946
21682	36951
25118	36955
25176	36956
25043	36958
21756	36961
22006	36966
24980	36968
22317	36970
21121	36977
21239	36986
24524	36987
25155	36993
25374	36996
22831	37000
24389	37003
23700	37005
24116	37007
23275	37010
25032	37014
23337	37021
21661	37024
21436	37027
22977	37029
22759	37032
22484	37034
21171	37036
21496	37038
22075	37041
22687	37044
24304	37045
23413	37046
22192	37054
23025	37055
21389	37056
22032	37059
23447	37063
23036	37064
24967	37066
25484	37069
21557	37075
23762	37079
21356	37087
23969	37093
24349	37099
22924	37105
22122	37107
24996	37110
23992	37113
24388	37114
23122	37115
22582	37116
23890	37117
24345	37119
23276	37125
22676	37128
23326	37129
25223	37134
22655	37137
24191	37139
24233	37141
21618	37142
22933	37143
25415	37150
22575	37160
21210	37161
22631	37167
22162	37168
22197	37170
22472	37173
24600	37178
23037	37179
25011	37183
21678	37186
24208	37187
23356	37188
22129	37190
24507	37193
22974	37194
22681	37200
23650	37209
24043	37212
23946	37217
24315	37218
23248	37219
21403	37221
21035	37222
23936	37224
25202	37227
22888	37244
22808	37250
24225	37254
24075	37267
21752	37271
21973	37273
23643	37277
24151	37280
22832	37281
22813	37284
24294	37285
22554	37288
25411	37289
24295	37291
24845	37297
21172	37300
21190	37302
21007	37311
22399	37314
24134	37318
23536	37319
24299	37324
22421	37325
24343	37328
24145	37329
24155	37330
21858	37332
25195	37337
24897	37338
24911	37341
22210	37349
22206	37351
22760	37365
21736	37367
22366	37369
21611	37373
24651	37374
21532	37376
24587	37378
21659	37381
21187	37383
23955	37386
23131	37388
24403	37395
24634	37398
22535	37401
21539	37402
25019	37405
23801	37411
22771	37417
22199	37418
22971	37419
24065	37427
21092	37430
24384	37437
22320	37438
22893	37441
22157	37442
22998	37450
23594	37451
23888	37454
22440	37457
21690	37458
25130	37459
24091	37468
24761	37471
22112	37473
23386	37474
24204	37476
24114	37478
22738	37479
22176	37487
21559	37490
24564	37492
24498	37502
25197	37506
25397	37509
21825	37511
23034	37517
24513	37518
25114	37519
21182	37522
22301	37523
22613	37526
23467	37529
22497	37535
22887	37536
22514	37539
23399	37544
22881	37545
22961	37546
22806	37551
24118	37561
23229	37563
22391	37565
25025	37566
22526	37567
21474	37571
21965	37576
25418	37577
21978	37583
22465	37585
23284	37593
22751	37594
22840	37601
22124	37604
21219	37605
24555	37606
23040	37607
21018	37611
21934	37612
21514	37617
25090	37619
21775	37622
23466	37628
24825	37636
21722	37637
24415	37641
22746	37647
24878	37648
25401	37649
22138	37651
23830	37652
25329	37657
21824	37660
22273	37675
21290	37677
21646	37679
24171	37681
25150	37682
21669	37684
23329	37687
22784	37688
22505	37690
24010	37693
25325	37698
23999	37703
23829	37706
21528	37713
22643	37733
22184	37734
23063	37736
24718	37742
23540	37743
25224	37747
22346	37750
23408	37755
23939	37757
23995	37768
25228	37771
22291	37772
23182	37779
23605	37782
22678	37783
22145	37786
23054	37790
25266	37794
23498	37798
22662	37799
24699	37803
24226	37804
24953	37806
24210	37807
24058	37811
22239	37814
22833	37818
25142	37820
23759	37829
21510	37831
24067	37844
24888	37848
23081	37851
21746	37852
24913	37854
22028	37869
23897	37876
22446	37878
21317	37882
24026	37883
24585	37887
22952	37889
21820	37891
22348	37900
23895	37912
21753	37913
24876	37928
23600	37932
24716	37933
22826	37934
24228	37935
22093	37937
24338	37940
23409	37949
22194	37956
23076	37961
23695	37965
22252	37967
24697	37972
21428	37973
23768	37974
21601	37975
23930	37979
24258	37982
22644	37983
21401	37984
23204	37987
22180	37988
25249	37990
22810	37992
23738	37999
24816	38001
22685	38002
22654	38004
23296	38007
21498	38011
24441	38018
23571	38021
21188	38028
25472	38029
23401	38033
21839	38039
21503	38049
24665	38056
25071	38066
22441	38067
25190	38076
23937	38077
25451	38079
24355	38080
25310	38082
22152	38083
23861	38084
21826	38085
25407	38091
21866	38093
21129	38094
22211	38097
22634	38101
25051	38104
24290	38108
23106	38110
23846	38111
23125	38112
23442	38118
23599	38120
24249	38124
22335	38132
21985	38137
22773	38141
21025	38142
21997	38143
24606	38144
24823	38145
22036	38147
22573	38148
23084	38149
22351	38151
25055	38158
22945	38162
21272	38166
21571	38169
21683	38174
25017	38182
23614	38183
22904	38184
22913	38185
25213	38186
21676	38191
22543	38192
24157	38198
24847	38204
24666	38205
22011	38206
23256	38207
25069	38208
22061	38209
22986	38210
22860	38216
23534	38218
21867	38220
23236	38222
21883	38224
22789	38230
21104	38232
24054	38234
22341	38240
21194	38245
21394	38253
22821	38255
25053	38256
22378	38257
23679	38259
24032	38264
24425	38265
24809	38267
22316	38275
24342	38278
24882	38280
22214	38284
24571	38285
21616	38286
21838	38287
24090	38288
24933	38290
24159	38291
22835	38298
22739	38301
21818	38302
24540	38306
22674	38309
23878	38316
22271	38318
25240	38326
24942	38327
23246	38332
22718	38336
25015	38339
23477	38340
21386	38343
22109	38347
23089	38352
24856	38358
23297	38361
22406	38365
23795	38368
21892	38369
22874	38376
23345	38377
23526	38381
24009	38382
25245	38383
24871	38386
21046	38393
25257	38394
24813	38400
23790	38402
21966	38405
22133	38406
23764	38413
21634	38416
24104	38419
23760	38439
21298	38445
24152	38451
23817	38456
21420	38458
25365	38464
22052	38472
24546	38479
23273	38487
25468	38489
24539	38494
22153	38496
22166	38501
25163	38509
21090	38510
21741	38511
23471	38514
24136	38522
24033	38523
23085	38530
25483	38535
21202	38541
22396	38546
21258	38549
25305	38552
24500	38556
21450	38557
23197	38558
24169	38559
22815	38569
22371	38570
25091	38580
22120	38586
24084	38592
24692	38593
21196	38596
23983	38603
22026	38607
21878	38618
22030	38624
25110	38626
21245	38631
23304	38632
23788	38633
24429	38634
22567	38641
24456	38644
21870	38650
22426	38655
21666	38656
25244	38658
21957	38659
24448	38661
21159	38664
22968	38668
23340	38671
21515	38678
24596	38680
24493	38686
21484	38692
25487	38694
21550	38698
21086	38701
24381	38702
22777	38704
24912	38708
24059	38714
22615	38718
22923	38720
22772	38731
21125	38733
24535	38735
23321	38736
21149	38742
22247	38744
25344	38752
21279	38753
23701	38754
24206	38757
21102	38763
25054	38766
21284	38769
22381	38771
23461	38773
25187	38774
23335	38779
23841	38780
24234	38783
21855	38784
21788	38791
25235	38795
24237	38798
21049	38799
21531	38800
23087	38812
24402	38814
25151	38816
22193	38825
24375	38832
23622	38834
21480	38839
22268	38842
23950	38844
21921	38847
24680	38850
23617	38853
25285	38857
24273	38866
24350	38867
22510	38871
21257	38874
25058	38876
23638	38880
21390	38882
23938	38885
24385	38892
22523	38894
21728	38896
24896	38897
24851	38898
25121	38901
23233	38906
21713	38911
21098	38915
23740	38916
22449	38918
23159	38919
21974	38922
23975	38951
21907	38961
22668	38963
21224	38964
25318	38967
23164	38971
22248	38976
24168	38979
21143	38995
23593	38999
21264	39007
21168	39017
24361	39018
21848	39021
25265	39022
23361	39024
23123	39028
22454	39029
22286	39030
21585	39031
23818	39033
23923	39036
23533	39046
22839	39053
24074	39055
24044	39070
25116	39077
23492	39079
22220	39081
23055	39088
25261	39089
22624	39091
24657	39094
21663	39099
23267	39100
24999	39104
23056	39106
22084	39110
21943	39115
24618	39118
22732	39125
23607	39126
22959	39127
22553	39129
22148	39131
23869	39138
22136	39140
24741	39143
21520	39145
21343	39146
25191	39149
21556	39150
21797	39156
25068	39157
25256	39158
24866	39164
21803	39171
24211	39173
23783	39176
24987	39180
22376	39181
22387	39183
21504	39187
24062	39189
22920	39199
21361	39201
23612	39203
21278	39210
21860	39211
22630	39213
24348	39217
22418	39219
23339	39220
23415	39225
23186	39229
21458	39230
23375	39234
23694	39235
22466	39237
21857	39247
21002	39249
22134	39252
23896	39258
21492	39262
22251	39264
23172	39268
22761	39272
22212	39285
22571	39286
21118	39287
24362	39291
23305	39297
25133	39300
22714	39303
22043	39305
24512	39313
21130	39314
21506	39321
25440	39327
22967	39331
23392	39333
25295	39336
21912	39337
24275	39340
21320	39343
21764	39348
21822	39350
24775	39354
21195	39357
22519	39358
21624	39361
21919	39369
25417	39371
25255	39373
23883	39375
23731	39378
23784	39380
22358	39384
23697	39387
24332	39390
23058	39394
23727	39395
22218	39396
24635	39401
22577	39412
24610	39414
22911	39418
21304	39423
23820	39427
21115	39429
24408	39430
24597	39434
21325	39439
25447	39444
23389	39447
25338	39450
23352	39451
24715	39452
23428	39457
24831	39458
23673	39459
24100	39468
25436	39474
24182	39475
23453	39476
23690	39477
23353	39482
24645	39484
21407	39490
23925	39494
24687	39497
22313	39501
21898	39503
23597	39506
24678	39507
23723	39515
24530	39519
23009	39520
24387	39526
25031	39530
21937	39531
22697	39534
22402	39540
25445	39541
24568	39544
22937	39545
23145	39549
23704	39555
23481	39556
23244	39557
23020	39558
23363	39561
25282	39564
21517	39568
23017	39572
21430	39579
23228	39580
23247	39583
24757	39584
24754	39591
25382	39593
21217	39602
23859	39610
24172	39612
24609	39613
25360	39622
22201	39630
21357	39640
21629	39643
25134	39644
24626	39645
22563	39648
21527	39651
23314	39652
